1.000000000000000000e+00 7.305163412707711412e-01 1.000000000000000000e+00 1.000000000000000000e+00 3.027701102605366845e-01 5.217628900350503862e-01 6.474672048593365092e-01 4.454232750976406807e-01 3.090942709168827962e-01 4.581610921751733123e-01 8.165810364741854510e-01 1.000000000000000000e+00 3.489437514145852237e-01 3.489437514145852237e-01 3.489437514145852237e-01 6.706331314795477283e-01 3.552679120709312244e-01 5.599260940946031440e-01 6.222316093668567305e-01 5.475785609154796285e-01 3.489437514145852237e-01 1.764661060583403995e-01 1.764661060583403995e-01 1.764661060583403995e-01 1.764661060583403995e-01 1.467910354189612965e-01 1.464624647558133985e-01 1.764661060583403995e-01 1.648311424632568911e-01 1.764661060583403995e-01 1.625711295989037131e-01 1.764661060583403995e-01 1.764661060583403995e-01 1.764661060583403995e-01 1.764661060583403995e-01 1.601157866936367136e-01 1.574128888325906084e-01 1.764661060583403995e-01 1.764661060583403995e-01 1.764661060583403995e-01 1.648311424632568911e-01 1.764661060583403995e-01 1.764661060583403995e-01 1.648311424632568911e-01 1.764661060583403995e-01 1.648311424632568911e-01 1.607915869125123021e-01 1.396910147356628940e-01 1.764661060583403995e-01 6.937403855099725236e-01 1.623757995579898916e-01 1.764661060583403995e-01 1.764661060583403995e-01 1.315995541512028078e-01 1.764661060583403995e-01 1.764661060583403995e-01 1.648311424632568911e-01 1.764661060583403995e-01 1.764661060583403995e-01 1.458684525130680976e-01 1.764661060583403995e-01 1.764661060583403995e-01 1.764661060583403995e-01 1.648311424632568911e-01 3.930228029271685131e-01 1.764661060583403995e-01 1.764661060583403995e-01 1.764661060583403995e-01 1.764661060583403995e-01 6.937403855099725236e-01 1.764661060583403995e-01 1.764661060583403995e-01
7.305163412707711412e-01 1.000000000000000000e+00 7.305163412707711412e-01 7.305163412707711412e-01 2.585977234490476895e-01 4.502528238794855087e-01 5.768235987533076869e-01 3.536364377682058024e-01 2.630293384190696138e-01 3.983119867648662882e-01 6.708942028631463828e-01 7.305163412707711412e-01 2.910969576536159842e-01 2.910969576536159842e-01 5.024031687234130628e-01 5.814901491052552052e-01 2.955285726236377974e-01 4.815728390276471926e-01 5.452638426044817965e-01 4.706107941531048056e-01 2.910969576536159842e-01 1.542209663084936899e-01 1.542209663084936899e-01 1.542209663084936899e-01 1.542209663084936899e-01 1.305310975669881079e-01 1.338156036595329057e-01 1.542209663084936899e-01 1.471171191460091954e-01 1.542209663084936899e-01 1.453375764596178954e-01 1.542209663084936899e-01 1.542209663084936899e-01 1.542209663084936899e-01 1.542209663084936899e-01 1.414871730661390881e-01 1.426208893740819883e-01 1.542209663084936899e-01 1.542209663084936899e-01 1.542209663084936899e-01 1.471171191460091954e-01 1.542209663084936899e-01 1.542209663084936899e-01 1.471171191460091954e-01 1.542209663084936899e-01 1.471171191460091954e-01 1.439000067323807919e-01 1.261588475388827901e-01 1.542209663084936899e-01 5.705638465287188321e-01 1.432667157525303880e-01 1.542209663084936899e-01 1.542209663084936899e-01 1.167642973478490998e-01 1.542209663084936899e-01 1.542209663084936899e-01 1.471171191460091954e-01 1.542209663084936899e-01 1.542209663084936899e-01 1.333724654534181875e-01 1.542209663084936899e-01 1.542209663084936899e-01 1.542209663084936899e-01 1.471171191460091954e-01 3.130387723722474203e-01 1.542209663084936899e-01 1.542209663084936899e-01 1.542209663084936899e-01 1.542209663084936899e-01 5.705638465287188321e-01 1.542209663084936899e-01 1.542209663084936899e-01
1.000000000000000000e+00 7.305163412707711412e-01 1.000000000000000000e+00 1.000000000000000000e+00 3.027701102605366845e-01 5.217628900350503862e-01 6.474672048593365092e-01 4.454232750976406807e-01 3.090942709168827962e-01 4.581610921751733123e-01 8.165810364741854510e-01 1.000000000000000000e+00 3.489437514145852237e-01 3.489437514145852237e-01 3.489437514145852237e-01 6.706331314795477283e-01 3.552679120709312244e-01 5.599260940946031440e-01 6.222316093668567305e-01 5.475785609154796285e-01 3.489437514145852237e-01 1.764661060583403995e-01 1.764661060583403995e-01 1.764661060583403995e-01 1.764661060583403995e-01 1.467910354189612965e-01 1.464624647558133985e-01 1.764661060583403995e-01 1.648311424632568911e-01 1.764661060583403995e-01 1.625711295989037131e-01 1.764661060583403995e-01 1.764661060583403995e-01 1.764661060583403995e-01 1.764661060583403995e-01 1.601157866936367136e-01 1.574128888325906084e-01 1.764661060583403995e-01 1.764661060583403995e-01 1.764661060583403995e-01 1.648311424632568911e-01 1.764661060583403995e-01 1.764661060583403995e-01 1.648311424632568911e-01 1.764661060583403995e-01 1.648311424632568911e-01 1.607915869125123021e-01 1.396910147356628940e-01 1.764661060583403995e-01 6.937403855099725236e-01 1.623757995579898916e-01 1.764661060583403995e-01 1.764661060583403995e-01 1.315995541512028078e-01 1.764661060583403995e-01 1.764661060583403995e-01 1.648311424632568911e-01 1.764661060583403995e-01 1.764661060583403995e-01 1.458684525130680976e-01 1.764661060583403995e-01 1.764661060583403995e-01 1.764661060583403995e-01 1.648311424632568911e-01 3.930228029271685131e-01 1.764661060583403995e-01 1.764661060583403995e-01 1.764661060583403995e-01 1.764661060583403995e-01 6.937403855099725236e-01 1.764661060583403995e-01 1.764661060583403995e-01
1.000000000000000000e+00 7.305163412707711412e-01 1.000000000000000000e+00 1.000000000000000000e+00 3.027701102605366845e-01 5.217628900350503862e-01 6.474672048593365092e-01 4.454232750976406807e-01 3.090942709168827962e-01 4.581610921751733123e-01 8.165810364741854510e-01 1.000000000000000000e+00 3.489437514145852237e-01 3.489437514145852237e-01 3.489437514145852237e-01 6.706331314795477283e-01 3.552679120709312244e-01 5.599260940946031440e-01 6.222316093668567305e-01 5.475785609154796285e-01 3.489437514145852237e-01 1.764661060583403995e-01 1.764661060583403995e-01 1.764661060583403995e-01 1.764661060583403995e-01 1.467910354189612965e-01 1.464624647558133985e-01 1.764661060583403995e-01 1.648311424632568911e-01 1.764661060583403995e-01 1.625711295989037131e-01 1.764661060583403995e-01 1.764661060583403995e-01 1.764661060583403995e-01 1.764661060583403995e-01 1.601157866936367136e-01 1.574128888325906084e-01 1.764661060583403995e-01 1.764661060583403995e-01 1.764661060583403995e-01 1.648311424632568911e-01 1.764661060583403995e-01 1.764661060583403995e-01 1.648311424632568911e-01 1.764661060583403995e-01 1.648311424632568911e-01 1.607915869125123021e-01 1.396910147356628940e-01 1.764661060583403995e-01 6.937403855099725236e-01 1.623757995579898916e-01 1.764661060583403995e-01 1.764661060583403995e-01 1.315995541512028078e-01 1.764661060583403995e-01 1.764661060583403995e-01 1.648311424632568911e-01 1.764661060583403995e-01 1.764661060583403995e-01 1.458684525130680976e-01 1.764661060583403995e-01 1.764661060583403995e-01 1.764661060583403995e-01 1.648311424632568911e-01 3.930228029271685131e-01 1.764661060583403995e-01 1.764661060583403995e-01 1.764661060583403995e-01 1.764661060583403995e-01 6.937403855099725236e-01 1.764661060583403995e-01 1.764661060583403995e-01
3.027701102605366845e-01 2.585977234490476895e-01 3.027701102605366845e-01 3.027701102605366845e-01 1.000000000000000000e+00 2.089865757025710091e-01 2.263897008571635061e-01 4.638066717187034893e-01 3.626478466529307054e-01 3.581229398131330899e-01 2.663073724099748740e-01 3.027701102605366845e-01 4.603270836649953068e-01 2.238666931298712026e-01 3.942286203992115823e-01 2.296677348480687941e-01 4.360302640968412025e-01 4.315053572570434759e-01 5.084779832232928509e-01 4.360302640968412025e-01 2.238666931298712026e-01 1.287429793811303014e-01 1.287429793811303014e-01 1.287429793811303014e-01 1.287429793811303014e-01 1.114273231687168964e-01 1.149967298006153021e-01 1.287429793811303014e-01 1.241211841112783987e-01 1.287429793811303014e-01 1.229356536676322054e-01 1.287429793811303014e-01 1.287429793811303014e-01 1.287429793811303014e-01 1.287429793811303014e-01 1.196881484248346061e-01 1.215366156949207049e-01 1.287429793811303014e-01 1.287429793811303014e-01 1.287429793811303014e-01 1.241211841112783987e-01 1.287429793811303014e-01 1.287429793811303014e-01 1.241211841112783987e-01 1.287429793811303014e-01 1.241211841112783987e-01 1.219412221465099033e-01 1.085391123946883030e-01 1.287429793811303014e-01 2.321757158028344981e-01 1.208736788684807023e-01 1.287429793811303014e-01 1.287429793811303014e-01 1.008823562740382013e-01 1.287429793811303014e-01 1.287429793811303014e-01 1.241211841112783987e-01 1.287429793811303014e-01 1.287429793811303014e-01 1.147309387088766980e-01 1.287429793811303014e-01 1.287429793811303014e-01 1.287429793811303014e-01 1.241211841112783987e-01 2.321757158028344981e-01 1.287429793811303014e-01 1.287429793811303014e-01 1.287429793811303014e-01 1.287429793811303014e-01 2.321757158028344981e-01 1.287429793811303014e-01 1.287429793811303014e-01
5.217628900350503862e-01 4.502528238794855087e-01 5.217628900350503862e-01 5.217628900350503862e-01 2.089865757025710091e-01 1.000000000000000000e+00 7.955338897387661534e-01 2.674609533890914825e-01 2.908951885588412778e-01 4.603684273462664844e-01 6.338644720553470169e-01 5.217628900350503862e-01 3.359776236516093806e-01 3.359776236516093806e-01 2.997158676615991890e-01 5.322801848211280440e-01 2.329457688389741099e-01 3.823886076756385921e-01 3.817391078638954216e-01 6.974655446174118367e-01 2.304227611116818064e-01 1.316181188356043974e-01 1.316181188356043974e-01 1.316181188356043974e-01 1.316181188356043974e-01 1.137983840560091997e-01 1.169855928428599062e-01 1.316181188356043974e-01 1.264922449985705910e-01 1.316181188356043974e-01 1.253067145549245087e-01 1.316181188356043974e-01 1.316181188356043974e-01 1.316181188356043974e-01 1.316181188356043974e-01 1.220592093121267985e-01 1.239076765822128973e-01 1.316181188356043974e-01 1.316181188356043974e-01 1.316181188356043974e-01 1.264922449985705910e-01 1.316181188356043974e-01 1.316181188356043974e-01 1.264922449985705910e-01 1.316181188356043974e-01 1.264922449985705910e-01 1.243122830338020957e-01 1.105279754369328932e-01 1.316181188356043974e-01 4.581391798310677776e-01 1.232447397557730057e-01 1.316181188356043974e-01 1.316181188356043974e-01 1.028712193162828054e-01 1.316181188356043974e-01 1.316181188356043974e-01 1.264922449985705910e-01 1.316181188356043974e-01 1.316181188356043974e-01 1.167198017511213021e-01 1.316181188356043974e-01 1.316181188356043974e-01 1.316181188356043974e-01 1.264922449985705910e-01 4.124216913205329127e-01 1.316181188356043974e-01 1.316181188356043974e-01 1.316181188356043974e-01 1.316181188356043974e-01 4.581391798310677776e-01 1.316181188356043974e-01 1.316181188356043974e-01
6.474672048593365092e-01 5.768235987533076869e-01 6.474672048593365092e-01 6.474672048593365092e-01 2.263897008571635061e-01 7.955338897387661534e-01 1.000000000000000000e+00 2.955285726236377974e-01 2.964378336706938732e-01 5.052378945740199079e-01 8.435085087494094136e-01 6.474672048593365092e-01 4.030624312156261824e-01 4.030624312156261824e-01 3.517114678864117772e-01 7.042083702371721987e-01 2.541661084790258762e-01 4.694894261100316935e-01 5.345498564350421589e-01 7.999655047087880222e-01 2.508880744881206160e-01 1.394669710459369993e-01 1.394669710459369993e-01 1.394669710459369993e-01 1.394669710459369993e-01 1.195257206207960970e-01 1.231113481144714972e-01 1.394669710459369993e-01 1.339335908251498009e-01 1.394669710459369993e-01 1.324960210979128084e-01 1.394669710459369993e-01 1.394669710459369993e-01 1.394669710459369993e-01 1.394669710459369993e-01 1.289720763205599030e-01 1.305375104210063919e-01 1.394669710459369993e-01 1.394669710459369993e-01 1.394669710459369993e-01 1.339335908251498009e-01 1.394669710459369993e-01 1.394669710459369993e-01 1.339335908251498009e-01 1.394669710459369993e-01 1.339335908251498009e-01 1.313104906542666983e-01 1.161046393146347028e-01 1.394669710459369993e-01 5.149637663277525368e-01 1.304096460477970065e-01 1.394669710459369993e-01 1.394669710459369993e-01 1.076665226278175069e-01 1.394669710459369993e-01 1.394669710459369993e-01 1.339335908251498009e-01 1.394669710459369993e-01 1.394669710459369993e-01 1.227719096609924954e-01 1.394669710459369993e-01 1.394669710459369993e-01 1.394669710459369993e-01 1.339335908251498009e-01 4.912849536460036082e-01 1.394669710459369993e-01 1.394669710459369993e-01 1.394669710459369993e-01 1.394669710459369993e-01 5.149637663277525368e-01 1.394669710459369993e-01 1.394669710459369993e-01
4.454232750976406807e-01 3.536364377682058024e-01 4.454232750976406807e-01 4.454232750976406807e-01 4.638066717187034893e-01 2.674609533890914825e-01 2.955285726236377974e-01 1.000000000000000000e+00 4.682382866887253026e-01 4.605286377277981735e-01 3.697187872291108901e-01 4.454232750976406807e-01 2.910969576536159842e-01 2.910969576536159842e-01 2.910969576536159842e-01 3.018527332799839091e-01 5.751659884489090935e-01 5.674563394879820200e-01 5.751659884489090935e-01 5.751659884489090935e-01 2.910969576536159842e-01 1.542209663084936899e-01 1.542209663084936899e-01 1.542209663084936899e-01 1.542209663084936899e-01 1.305310975669881079e-01 1.338156036595329057e-01 1.542209663084936899e-01 1.471171191460091954e-01 1.542209663084936899e-01 1.453375764596178954e-01 1.542209663084936899e-01 1.542209663084936899e-01 1.542209663084936899e-01 1.542209663084936899e-01 1.414871730661390881e-01 1.426208893740819883e-01 1.542209663084936899e-01 1.542209663084936899e-01 1.542209663084936899e-01 1.471171191460091954e-01 1.542209663084936899e-01 1.542209663084936899e-01 1.471171191460091954e-01 1.542209663084936899e-01 1.471171191460091954e-01 1.439000067323807919e-01 1.261588475388827901e-01 1.542209663084936899e-01 3.130387723722474203e-01 1.432667157525303880e-01 1.542209663084936899e-01 1.542209663084936899e-01 1.167642973478490998e-01 1.542209663084936899e-01 1.542209663084936899e-01 1.471171191460091954e-01 1.542209663084936899e-01 1.542209663084936899e-01 1.333724654534181875e-01 1.542209663084936899e-01 1.542209663084936899e-01 1.542209663084936899e-01 1.471171191460091954e-01 3.130387723722474203e-01 1.542209663084936899e-01 1.542209663084936899e-01 1.542209663084936899e-01 1.542209663084936899e-01 3.130387723722474203e-01 1.542209663084936899e-01 1.542209663084936899e-01
3.090942709168827962e-01 2.630293384190696138e-01 3.090942709168827962e-01 3.090942709168827962e-01 3.626478466529307054e-01 2.908951885588412778e-01 2.964378336706938732e-01 4.682382866887253026e-01 1.000000000000000000e+00 6.780605203503138334e-01 3.463792739915834140e-01 3.090942709168827962e-01 5.014942638407285935e-01 8.131077949324195808e-01 4.510960813816872195e-01 5.072953055589261018e-01 7.916952726716830480e-01 5.206010546396874217e-01 4.393082980877465182e-01 4.786721365679892926e-01 5.564739468146369106e-01 1.301805491083674049e-01 1.301805491083674049e-01 1.301805491083674049e-01 1.301805491083674049e-01 1.126128536123631035e-01 1.159911613217376042e-01 1.301805491083674049e-01 1.253067145549245087e-01 1.301805491083674049e-01 1.241211841112783987e-01 1.301805491083674049e-01 1.301805491083674049e-01 1.301805491083674049e-01 1.301805491083674049e-01 1.208736788684807023e-01 1.227221461385668011e-01 1.301805491083674049e-01 1.301805491083674049e-01 1.301805491083674049e-01 1.253067145549245087e-01 1.301805491083674049e-01 1.301805491083674049e-01 1.253067145549245087e-01 1.301805491083674049e-01 1.253067145549245087e-01 1.231267525901559995e-01 1.095335439158106050e-01 1.301805491083674049e-01 2.366073307728563946e-01 1.220592093121268956e-01 1.301805491083674049e-01 1.301805491083674049e-01 1.018767877951605033e-01 1.301805491083674049e-01 1.301805491083674049e-01 1.253067145549245087e-01 1.301805491083674049e-01 1.301805491083674049e-01 1.157253702299990000e-01 1.301805491083674049e-01 1.301805491083674049e-01 1.301805491083674049e-01 1.253067145549245087e-01 3.838632873101889831e-01 1.301805491083674049e-01 1.301805491083674049e-01 1.301805491083674049e-01 1.301805491083674049e-01 2.366073307728563946e-01 1.301805491083674049e-01 1.301805491083674049e-01
4.581610921751733123e-01 3.983119867648662882e-01 4.581610921751733123e-01 4.581610921751733123e-01 3.581229398131330899e-01 4.603684273462664844e-01 5.052378945740199079e-01 4.605286377277981735e-01 6.780605203503138334e-01 1.000000000000000000e+00 4.305615842646552949e-01 4.581610921751733123e-01 2.213436854025790934e-01 5.329572164942700807e-01 2.213436854025790934e-01 3.759380661456979134e-01 7.858942309534855397e-01 5.218647481536858868e-01 5.542473385619276494e-01 6.823661002859521263e-01 5.506729050964394023e-01 1.275574489374841913e-01 1.275574489374841913e-01 1.275574489374841913e-01 1.275574489374841913e-01 1.104328916475945943e-01 1.141506378104481939e-01 1.275574489374841913e-01 1.231267525901559995e-01 1.275574489374841913e-01 1.219412221465099033e-01 1.275574489374841913e-01 1.275574489374841913e-01 1.275574489374841913e-01 1.275574489374841913e-01 1.186937169037123041e-01 1.205421841737983057e-01 1.275574489374841913e-01 1.275574489374841913e-01 1.275574489374841913e-01 1.231267525901559995e-01 1.275574489374841913e-01 1.275574489374841913e-01 1.231267525901559995e-01 1.275574489374841913e-01 1.231267525901559995e-01 1.209467906253876013e-01 1.076930204045210976e-01 1.275574489374841913e-01 3.964299276575148911e-01 1.198792473473584003e-01 1.275574489374841913e-01 1.275574489374841913e-01 1.000362642838709959e-01 1.275574489374841913e-01 1.275574489374841913e-01 1.231267525901559995e-01 1.275574489374841913e-01 1.275574489374841913e-01 1.138848467187095065e-01 1.275574489374841913e-01 1.275574489374841913e-01 1.275574489374841913e-01 1.231267525901559995e-01 2.288976818119292100e-01 1.275574489374841913e-01 1.275574489374841913e-01 1.275574489374841913e-01 1.275574489374841913e-01 3.964299276575148911e-01 1.275574489374841913e-01 1.275574489374841913e-01
8.165810364741854510e-01 6.708942028631463828e-01 8.165810364741854510e-01 8.165810364741854510e-01 2.663073724099748740e-01 6.338644720553470169e-01 8.435085087494094136e-01 3.697187872291108901e-01 3.463792739915834140e-01 4.305615842646552949e-01 1.000000000000000000e+00 8.165810364741854510e-01 4.840189814159245874e-01 4.840189814159245874e-01 4.180882075944171161e-01 8.164641371072549614e-01 3.062843482500057779e-01 5.203128175954645496e-01 5.840038211722990980e-01 6.401886327116930175e-01 3.018527332799839091e-01 1.582605218592383067e-01 1.582605218592383067e-01 1.582605218592383067e-01 1.582605218592383067e-01 1.337482099806165947e-01 1.364387038304160915e-01 1.582605218592383067e-01 1.503342315596377099e-01 1.582605218592383067e-01 1.485546888732462989e-01 1.582605218592383067e-01 1.582605218592383067e-01 1.582605218592383067e-01 1.582605218592383067e-01 1.447042854797674916e-01 1.458380017877103918e-01 1.582605218592383067e-01 1.582605218592383067e-01 1.582605218592383067e-01 1.503342315596377099e-01 1.582605218592383067e-01 1.582605218592383067e-01 1.503342315596377099e-01 1.582605218592383067e-01 1.503342315596377099e-01 1.471171191460091954e-01 1.287819477097660037e-01 1.582605218592383067e-01 6.629527023884792536e-01 1.464838281661589026e-01 1.582605218592383067e-01 1.582605218592383067e-01 1.193873975187322994e-01 1.582605218592383067e-01 1.582605218592383067e-01 1.503342315596377099e-01 1.582605218592383067e-01 1.582605218592383067e-01 1.359955656243012900e-01 1.582605218592383067e-01 1.582605218592383067e-01 1.582605218592383067e-01 1.503342315596377099e-01 5.658380631102456482e-01 1.582605218592383067e-01 1.582605218592383067e-01 1.582605218592383067e-01 1.582605218592383067e-01 6.629527023884792536e-01 1.582605218592383067e-01 1.582605218592383067e-01
1.000000000000000000e+00 7.305163412707711412e-01 1.000000000000000000e+00 1.000000000000000000e+00 3.027701102605366845e-01 5.217628900350503862e-01 6.474672048593365092e-01 4.454232750976406807e-01 3.090942709168827962e-01 4.581610921751733123e-01 8.165810364741854510e-01 1.000000000000000000e+00 3.489437514145852237e-01 3.489437514145852237e-01 3.489437514145852237e-01 6.706331314795477283e-01 3.552679120709312244e-01 5.599260940946031440e-01 6.222316093668567305e-01 5.475785609154796285e-01 3.489437514145852237e-01 1.764661060583403995e-01 1.764661060583403995e-01 1.764661060583403995e-01 1.764661060583403995e-01 1.467910354189612965e-01 1.464624647558133985e-01 1.764661060583403995e-01 1.648311424632568911e-01 1.764661060583403995e-01 1.625711295989037131e-01 1.764661060583403995e-01 1.764661060583403995e-01 1.764661060583403995e-01 1.764661060583403995e-01 1.601157866936367136e-01 1.574128888325906084e-01 1.764661060583403995e-01 1.764661060583403995e-01 1.764661060583403995e-01 1.648311424632568911e-01 1.764661060583403995e-01 1.764661060583403995e-01 1.648311424632568911e-01 1.764661060583403995e-01 1.648311424632568911e-01 1.607915869125123021e-01 1.396910147356628940e-01 1.764661060583403995e-01 6.937403855099725236e-01 1.623757995579898916e-01 1.764661060583403995e-01 1.764661060583403995e-01 1.315995541512028078e-01 1.764661060583403995e-01 1.764661060583403995e-01 1.648311424632568911e-01 1.764661060583403995e-01 1.764661060583403995e-01 1.458684525130680976e-01 1.764661060583403995e-01 1.764661060583403995e-01 1.764661060583403995e-01 1.648311424632568911e-01 3.930228029271685131e-01 1.764661060583403995e-01 1.764661060583403995e-01 1.764661060583403995e-01 1.764661060583403995e-01 6.937403855099725236e-01 1.764661060583403995e-01 1.764661060583403995e-01
3.489437514145852237e-01 2.910969576536159842e-01 3.489437514145852237e-01 3.489437514145852237e-01 4.603270836649953068e-01 3.359776236516093806e-01 4.030624312156261824e-01 2.910969576536159842e-01 5.014942638407285935e-01 2.213436854025790934e-01 4.840189814159245874e-01 3.489437514145852237e-01 1.000000000000000000e+00 6.941875106265065209e-01 8.247250876918692519e-01 7.018971595874337055e-01 2.508880744881206160e-01 2.450870327699231077e-01 2.508880744881206160e-01 3.462102803398287021e-01 2.476100404972153002e-01 1.380294013187000068e-01 1.380294013187000068e-01 1.380294013187000068e-01 1.380294013187000068e-01 1.183401901771500009e-01 1.221169165933491951e-01 1.380294013187000068e-01 1.327480603815036908e-01 1.380294013187000068e-01 1.313104906542666983e-01 1.380294013187000068e-01 1.380294013187000068e-01 1.380294013187000068e-01 1.380294013187000068e-01 1.277865458769137930e-01 1.293519799773601986e-01 1.380294013187000068e-01 1.380294013187000068e-01 1.380294013187000068e-01 1.327480603815036908e-01 1.380294013187000068e-01 1.380294013187000068e-01 1.327480603815036908e-01 1.380294013187000068e-01 1.327480603815036908e-01 1.301249602106205050e-01 1.151102077935123036e-01 1.380294013187000068e-01 2.589084072476974807e-01 1.292241156041508132e-01 1.380294013187000068e-01 1.380294013187000068e-01 1.066720911066952049e-01 1.380294013187000068e-01 1.380294013187000068e-01 1.327480603815036908e-01 1.380294013187000068e-01 1.380294013187000068e-01 1.217774781398701933e-01 1.380294013187000068e-01 1.380294013187000068e-01 1.380294013187000068e-01 1.327480603815036908e-01 4.410746553836381034e-01 1.380294013187000068e-01 1.380294013187000068e-01 1.380294013187000068e-01 1.380294013187000068e-01 2.589084072476974807e-01 1.380294013187000068e-01 1.380294013187000068e-01
3.489437514145852237e-01 2.910969576536159842e-01 3.489437514145852237e-01 3.489437514145852237e-01 2.238666931298712026e-01 3.359776236516093806e-01 4.030624312156261824e-01 2.910969576536159842e-01 8.131077949324195808e-01 5.329572164942700807e-01 4.840189814159245874e-01 3.489437514145852237e-01 6.941875106265065209e-01 1.000000000000000000e+00 6.098994752296096333e-01 7.018971595874337055e-01 5.941959733629544882e-01 2.450870327699231077e-01 2.508880744881206160e-01 3.462102803398287021e-01 5.686152107455859639e-01 1.380294013187000068e-01 1.380294013187000068e-01 1.380294013187000068e-01 1.380294013187000068e-01 1.183401901771500009e-01 1.221169165933491951e-01 1.380294013187000068e-01 1.327480603815036908e-01 1.380294013187000068e-01 1.313104906542666983e-01 1.380294013187000068e-01 1.380294013187000068e-01 1.380294013187000068e-01 1.380294013187000068e-01 1.277865458769137930e-01 1.293519799773601986e-01 1.380294013187000068e-01 1.380294013187000068e-01 1.380294013187000068e-01 1.327480603815036908e-01 1.380294013187000068e-01 1.380294013187000068e-01 1.327480603815036908e-01 1.380294013187000068e-01 1.327480603815036908e-01 1.301249602106205050e-01 1.151102077935123036e-01 1.380294013187000068e-01 2.589084072476974807e-01 1.292241156041508965e-01 1.380294013187000068e-01 1.380294013187000068e-01 1.066720911066952049e-01 1.380294013187000068e-01 1.380294013187000068e-01 1.327480603815036908e-01 1.380294013187000068e-01 1.380294013187000068e-01 1.217774781398701933e-01 1.380294013187000068e-01 1.380294013187000068e-01 1.380294013187000068e-01 1.327480603815036908e-01 4.410746553836381034e-01 1.380294013187000068e-01 1.380294013187000068e-01 1.380294013187000068e-01 1.380294013187000068e-01 2.589084072476974807e-01 1.380294013187000068e-01 1.380294013187000068e-01
3.489437514145852237e-01 5.024031687234130628e-01 3.489437514145852237e-01 3.489437514145852237e-01 3.942286203992115823e-01 2.997158676615991890e-01 3.517114678864117772e-01 2.910969576536159842e-01 4.510960813816872195e-01 2.213436854025790934e-01 4.180882075944171161e-01 3.489437514145852237e-01 8.247250876918692519e-01 6.098994752296096333e-01 1.000000000000000000e+00 6.176091241905367069e-01 2.508880744881206160e-01 2.450870327699231077e-01 2.508880744881206160e-01 3.143801393198403793e-01 2.476100404972153002e-01 1.380294013187000068e-01 1.380294013187000068e-01 1.380294013187000068e-01 1.380294013187000068e-01 1.183401901771500009e-01 1.221169165933491951e-01 1.380294013187000068e-01 1.327480603815036908e-01 1.380294013187000068e-01 1.313104906542666983e-01 1.380294013187000068e-01 1.380294013187000068e-01 1.380294013187000068e-01 1.380294013187000068e-01 1.277865458769137930e-01 1.293519799773601986e-01 1.380294013187000068e-01 1.380294013187000068e-01 1.380294013187000068e-01 1.327480603815036908e-01 1.380294013187000068e-01 1.380294013187000068e-01 1.327480603815036908e-01 1.380294013187000068e-01 1.327480603815036908e-01 1.301249602106205050e-01 1.151102077935123036e-01 1.380294013187000068e-01 2.589084072476975917e-01 1.292241156041508132e-01 1.380294013187000068e-01 1.380294013187000068e-01 1.066720911066952049e-01 1.380294013187000068e-01 1.380294013187000068e-01 1.327480603815036908e-01 1.380294013187000068e-01 1.380294013187000068e-01 1.217774781398701933e-01 1.380294013187000068e-01 1.380294013187000068e-01 1.380294013187000068e-01 1.327480603815036908e-01 3.751438815621306877e-01 1.380294013187000068e-01 1.380294013187000068e-01 1.380294013187000068e-01 1.380294013187000068e-01 2.589084072476975917e-01 1.380294013187000068e-01 1.380294013187000068e-01
6.706331314795477283e-01 5.814901491052552052e-01 6.706331314795477283e-01 6.706331314795477283e-01 2.296677348480687941e-01 5.322801848211280440e-01 7.042083702371721987e-01 3.018527332799839091e-01 5.072953055589261018e-01 3.759380661456979134e-01 8.164641371072549614e-01 6.706331314795477283e-01 7.018971595874337055e-01 7.018971595874337055e-01 6.176091241905367069e-01 1.000000000000000000e+00 2.585977234490476895e-01 4.509822120658085187e-01 5.160426423908188731e-01 5.367117997911499128e-01 2.553196894581424847e-01 1.412465137323284103e-01 1.412465137323284103e-01 1.412465137323284103e-01 1.412465137323284103e-01 1.209632903480332006e-01 1.242968785581175933e-01 1.412465137323284103e-01 1.353711605523869044e-01 1.412465137323284103e-01 1.339335908251498009e-01 1.412465137323284103e-01 1.412465137323284103e-01 1.412465137323284103e-01 1.412465137323284103e-01 1.304096460477970065e-01 1.319750801482434122e-01 1.412465137323284103e-01 1.412465137323284103e-01 1.412465137323284103e-01 1.353711605523869044e-01 1.412465137323284103e-01 1.412465137323284103e-01 1.353711605523869044e-01 1.412465137323284103e-01 1.353711605523869044e-01 1.327480603815036908e-01 1.172901697582807989e-01 1.412465137323284103e-01 5.477032214614638850e-01 1.318472157750341101e-01 1.412465137323284103e-01 1.412465137323284103e-01 1.088520530714636031e-01 1.412465137323284103e-01 1.412465137323284103e-01 1.353711605523869044e-01 1.412465137323284103e-01 1.412465137323284103e-01 1.239574401046386054e-01 1.412465137323284103e-01 1.412465137323284103e-01 1.412465137323284103e-01 1.353711605523869044e-01 4.518304310100059729e-01 1.412465137323284103e-01 1.412465137323284103e-01 1.412465137323284103e-01 1.412465137323284103e-01 5.477032214614638850e-01 1.412465137323284103e-01 1.412465137323284103e-01
3.552679120709312244e-01 2.955285726236377974e-01 3.552679120709312244e-01 3.552679120709312244e-01 4.360302640968412025e-01 2.329457688389741099e-01 2.541661084790258762e-01 5.751659884489090935e-01 7.916952726716830480e-01 7.858942309534855397e-01 3.062843482500057779e-01 3.552679120709312244e-01 2.508880744881206160e-01 5.941959733629544882e-01 2.508880744881206160e-01 2.585977234490476895e-01 1.000000000000000000e+00 5.387582582124674779e-01 5.445592999306650972e-01 5.445592999306650972e-01 6.093886542378317284e-01 1.394669710459369993e-01 1.394669710459369993e-01 1.394669710459369993e-01 1.394669710459369993e-01 1.195257206207960970e-01 1.231113481144714972e-01 1.394669710459369993e-01 1.339335908251498009e-01 1.394669710459369993e-01 1.324960210979128084e-01 1.394669710459369993e-01 1.394669710459369993e-01 1.394669710459369993e-01 1.394669710459369993e-01 1.289720763205599030e-01 1.305375104210063919e-01 1.394669710459369993e-01 1.394669710459369993e-01 1.394669710459369993e-01 1.339335908251498009e-01 1.394669710459369993e-01 1.394669710459369993e-01 1.339335908251498009e-01 1.394669710459369993e-01 1.339335908251498009e-01 1.313104906542666983e-01 1.161046393146347028e-01 1.394669710459369993e-01 2.633400222177194050e-01 1.304096460477970065e-01 1.394669710459369993e-01 1.394669710459369993e-01 1.076665226278175069e-01 1.394669710459369993e-01 1.394669710459369993e-01 1.339335908251498009e-01 1.394669710459369993e-01 1.394669710459369993e-01 1.227719096609924954e-01 1.394669710459369993e-01 1.394669710459369993e-01 1.394669710459369993e-01 1.339335908251498009e-01 2.633400222177194050e-01 1.394669710459369993e-01 1.394669710459369993e-01 1.394669710459369993e-01 1.394669710459369993e-01 2.633400222177194050e-01 1.394669710459369993e-01 1.394669710459369993e-01
5.599260940946031440e-01 4.815728390276471926e-01 5.599260940946031440e-01 5.599260940946031440e-01 4.315053572570434759e-01 3.823886076756385921e-01 4.694894261100316935e-01 5.674563394879820200e-01 5.206010546396874217e-01 5.218647481536858868e-01 5.203128175954645496e-01 5.599260940946031440e-01 2.450870327699231077e-01 2.450870327699231077e-01 2.450870327699231077e-01 4.509822120658085187e-01 5.387582582124674779e-01 1.000000000000000000e+00 7.476458575151219144e-01 6.492381979914461088e-01 2.450870327699231077e-01 1.368438708750538135e-01 1.368438708750538135e-01 1.368438708750538135e-01 1.368438708750538135e-01 1.173457586560276988e-01 1.212708246031821008e-01 1.368438708750538135e-01 1.317536288603813888e-01 1.368438708750538135e-01 1.303160591331443130e-01 1.368438708750538135e-01 1.368438708750538135e-01 1.368438708750538135e-01 1.368438708750538135e-01 1.267921143557914909e-01 1.283575484562378966e-01 1.368438708750538135e-01 1.368438708750538135e-01 1.368438708750538135e-01 1.317536288603813888e-01 1.368438708750538135e-01 1.368438708750538135e-01 1.317536288603813888e-01 1.368438708750538135e-01 1.317536288603813888e-01 1.291305286894982030e-01 1.142641158033451954e-01 1.368438708750538135e-01 4.197130066020919870e-01 1.282296840830285112e-01 1.368438708750538135e-01 1.368438708750538135e-01 1.058259991165280967e-01 1.368438708750538135e-01 1.368438708750538135e-01 1.317536288603813888e-01 1.368438708750538135e-01 1.368438708750538135e-01 1.209313861497030018e-01 1.368438708750538135e-01 1.368438708750538135e-01 1.368438708750538135e-01 1.317536288603813888e-01 3.311220880905357822e-01 1.368438708750538135e-01 1.368438708750538135e-01 1.368438708750538135e-01 1.368438708750538135e-01 4.197130066020919870e-01 1.368438708750538135e-01 1.368438708750538135e-01
6.222316093668567305e-01 5.452638426044817965e-01 6.222316093668567305e-01 6.222316093668567305e-01 5.084779832232928509e-01 3.817391078638954216e-01 5.345498564350421589e-01 5.751659884489090935e-01 4.393082980877465182e-01 5.542473385619276494e-01 5.840038211722990980e-01 6.222316093668567305e-01 2.508880744881206160e-01 2.508880744881206160e-01 2.508880744881206160e-01 5.160426423908188731e-01 5.445592999306650972e-01 7.476458575151219144e-01 1.000000000000000000e+00 6.875515972373890117e-01 2.508880744881206160e-01 1.394669710459369993e-01 1.394669710459369993e-01 1.394669710459369993e-01 1.394669710459369993e-01 1.195257206207960970e-01 1.231113481144714972e-01 1.394669710459369993e-01 1.339335908251498009e-01 1.394669710459369993e-01 1.324960210979128084e-01 1.394669710459369993e-01 1.394669710459369993e-01 1.394669710459369993e-01 1.394669710459369993e-01 1.289720763205599030e-01 1.305375104210063919e-01 1.394669710459369993e-01 1.394669710459369993e-01 1.394669710459369993e-01 1.339335908251498009e-01 1.394669710459369993e-01 1.394669710459369993e-01 1.339335908251498009e-01 1.394669710459369993e-01 1.339335908251498009e-01 1.313104906542666983e-01 1.161046393146347028e-01 1.394669710459369993e-01 4.664064466886356786e-01 1.304096460477970065e-01 1.394669710459369993e-01 1.394669710459369993e-01 1.076665226278175069e-01 1.394669710459369993e-01 1.394669710459369993e-01 1.339335908251498009e-01 1.394669710459369993e-01 1.394669710459369993e-01 1.227719096609924954e-01 1.394669710459369993e-01 1.394669710459369993e-01 1.394669710459369993e-01 1.339335908251498009e-01 2.633400222177194050e-01 1.394669710459369993e-01 1.394669710459369993e-01 1.394669710459369993e-01 1.394669710459369993e-01 4.664064466886356786e-01 1.394669710459369993e-01 1.394669710459369993e-01
5.475785609154796285e-01 4.706107941531048056e-01 5.475785609154796285e-01 5.475785609154796285e-01 4.360302640968412025e-01 6.974655446174118367e-01 7.999655047087880222e-01 5.751659884489090935e-01 4.786721365679892926e-01 6.823661002859521263e-01 6.401886327116930175e-01 5.475785609154796285e-01 3.462102803398287021e-01 3.462102803398287021e-01 3.143801393198403793e-01 5.367117997911499128e-01 5.445592999306650972e-01 6.492381979914461088e-01 6.875515972373890117e-01 1.000000000000000000e+00 2.508880744881206160e-01 1.394669710459369993e-01 1.394669710459369993e-01 1.394669710459369993e-01 1.394669710459369993e-01 1.195257206207960970e-01 1.231113481144714972e-01 1.394669710459369993e-01 1.339335908251498009e-01 1.394669710459369993e-01 1.324960210979128084e-01 1.394669710459369993e-01 1.394669710459369993e-01 1.394669710459369993e-01 1.394669710459369993e-01 1.289720763205599030e-01 1.305375104210063919e-01 1.394669710459369993e-01 1.394669710459369993e-01 1.394669710459369993e-01 1.339335908251498009e-01 1.394669710459369993e-01 1.394669710459369993e-01 1.339335908251498009e-01 1.394669710459369993e-01 1.339335908251498009e-01 1.313104906542666983e-01 1.161046393146347028e-01 1.394669710459369993e-01 4.664064466886356786e-01 1.304096460477970065e-01 1.394669710459369993e-01 1.394669710459369993e-01 1.076665226278175069e-01 1.394669710459369993e-01 1.394669710459369993e-01 1.339335908251498009e-01 1.394669710459369993e-01 1.394669710459369993e-01 1.227719096609924954e-01 1.394669710459369993e-01 1.394669710459369993e-01 1.394669710459369993e-01 1.339335908251498009e-01 3.941778822084902045e-01 1.394669710459369993e-01 1.394669710459369993e-01 1.394669710459369993e-01 1.394669710459369993e-01 4.664064466886356786e-01 1.394669710459369993e-01 1.394669710459369993e-01
3.489437514145852237e-01 2.910969576536159842e-01 3.489437514145852237e-01 3.489437514145852237e-01 2.238666931298712026e-01 2.304227611116818064e-01 2.508880744881206160e-01 2.910969576536159842e-01 5.564739468146369106e-01 5.506729050964394023e-01 3.018527332799839091e-01 3.489437514145852237e-01 2.476100404972153002e-01 5.686152107455859639e-01 2.476100404972153002e-01 2.553196894581424847e-01 6.093886542378317284e-01 2.450870327699231077e-01 2.508880744881206160e-01 2.508880744881206160e-01 1.000000000000000000e+00 1.380294013187000068e-01 1.380294013187000068e-01 1.380294013187000068e-01 1.380294013187000068e-01 1.183401901771500009e-01 1.221169165933491951e-01 1.380294013187000068e-01 1.327480603815036908e-01 1.380294013187000068e-01 1.313104906542666983e-01 1.380294013187000068e-01 1.380294013187000068e-01 1.380294013187000068e-01 1.380294013187000068e-01 1.277865458769137930e-01 1.293519799773601986e-01 1.380294013187000068e-01 1.380294013187000068e-01 1.380294013187000068e-01 1.327480603815036908e-01 1.380294013187000068e-01 1.380294013187000068e-01 1.327480603815036908e-01 1.380294013187000068e-01 1.327480603815036908e-01 1.301249602106205050e-01 1.151102077935123036e-01 1.380294013187000068e-01 2.589084072476974807e-01 1.292241156041508965e-01 1.380294013187000068e-01 1.380294013187000068e-01 1.066720911066952049e-01 1.380294013187000068e-01 1.380294013187000068e-01 1.327480603815036908e-01 1.380294013187000068e-01 1.380294013187000068e-01 1.217774781398701933e-01 1.380294013187000068e-01 1.380294013187000068e-01 1.380294013187000068e-01 1.327480603815036908e-01 2.589084072476974807e-01 1.380294013187000068e-01 1.380294013187000068e-01 1.380294013187000068e-01 1.380294013187000068e-01 2.589084072476974807e-01 1.380294013187000068e-01 1.380294013187000068e-01
1.764661060583403995e-01 1.542209663084936899e-01 1.764661060583403995e-01 1.764661060583403995e-01 1.287429793811303014e-01 1.316181188356043974e-01 1.394669710459369993e-01 1.542209663084936899e-01 1.301805491083674049e-01 1.275574489374841913e-01 1.582605218592383067e-01 1.764661060583403995e-01 1.380294013187000068e-01 1.380294013187000068e-01 1.380294013187000068e-01 1.412465137323284103e-01 1.394669710459369993e-01 1.368438708750538135e-01 1.394669710459369993e-01 1.394669710459369993e-01 1.380294013187000068e-01 1.000000000000000000e+00 1.000000000000000000e+00 1.000000000000000000e+00 1.000000000000000000e+00 5.036412081848482547e-01 6.578994217195917038e-01 1.000000000000000000e+00 8.153648468367460378e-01 1.000000000000000000e+00 7.352983620513946494e-01 1.000000000000000000e+00 1.000000000000000000e+00 1.000000000000000000e+00 1.000000000000000000e+00 9.507041881709588083e-01 5.788029009814161796e-01 1.000000000000000000e+00 1.000000000000000000e+00 1.000000000000000000e+00 8.153648468367460378e-01 1.000000000000000000e+00 1.000000000000000000e+00 8.153648468367460378e-01 1.000000000000000000e+00 8.153648468367460378e-01 8.900421475582842579e-01 6.138920828757965520e-01 1.000000000000000000e+00 6.625514674948089766e-01 9.093470323264000177e-01 1.000000000000000000e+00 1.000000000000000000e+00 5.503213021132916660e-01 1.000000000000000000e+00 1.000000000000000000e+00 8.153648468367460378e-01 1.000000000000000000e+00 1.000000000000000000e+00 5.705868745146897014e-01 1.000000000000000000e+00 1.000000000000000000e+00 1.000000000000000000e+00 8.153648468367460378e-01 6.625514674948089766e-01 1.000000000000000000e+00 1.000000000000000000e+00 1.000000000000000000e+00 1.000000000000000000e+00 6.625514674948089766e-01 1.000000000000000000e+00 1.000000000000000000e+00
