1.000000000000000000e+00 8.165067098159989323e-01 8.804957861077007397e-01 8.804957861077007397e-01 5.140331352056579650e-01 8.804957861077007397e-01 7.610013830041972849e-01 8.804957861077007397e-01 6.718096312541033122e-01 5.779401260287885256e-01 5.140331352056579650e-01 6.637362505317506711e-01 5.140331352056579650e-01 8.804957861077007397e-01 3.996653541556107747e-01 5.779401260287885256e-01 8.804957861077007397e-01 5.961533722593181928e-01 5.779401260287885256e-01 8.165067098159989323e-01 5.961533722593181928e-01 7.982269797936059064e-01 8.804957861077007397e-01 8.804957861077007397e-01 8.804957861077007397e-01 8.804957861077007397e-01 8.804957861077007397e-01 8.804957861077007397e-01 5.145920610549667984e-01 5.961533722593181928e-01 5.414450315610810360e-01 8.165067098159989323e-01 8.165067098159989323e-01 8.804957861077007397e-01 5.140331352056579650e-01 8.804957861077007397e-01 8.804957861077007397e-01 5.028262512883326929e-01 8.804957861077007397e-01 8.804957861077007397e-01 7.944785754282426282e-01 6.637362505317506711e-01 5.235961206013848290e-01 8.165067098159989323e-01 8.804957861077007397e-01 3.786970841011192968e-01 5.961533722593181928e-01 5.136161549752066291e-01 8.804957861077007397e-01 8.804957861077007397e-01 8.165067098159989323e-01 8.804957861077007397e-01 5.517299892164400088e-01 5.140331352056579650e-01 8.804957861077007397e-01 8.804957861077007397e-01 8.804957861077007397e-01 8.804957861077007397e-01 7.610013830041972849e-01 8.165067098159989323e-01 5.961533722593181928e-01 4.592077798671257982e-01 5.961533722593181928e-01 5.140331352056579650e-01 5.779401260287885256e-01 7.610013830041972849e-01 8.804957861077007397e-01 4.108722380729359913e-01 8.804957861077007397e-01 8.804957861077007397e-01 8.804957861077007397e-01 5.140331352056579650e-01 8.080195842751793922e-01 8.804957861077007397e-01 5.779401260287885256e-01 8.804957861077007397e-01 8.165067098159989323e-01 8.804957861077007397e-01 8.804957861077007397e-01 5.140331352056579650e-01 8.804957861077007397e-01 5.106863250339573890e-01 8.804957861077007397e-01 5.140331352056579650e-01 5.961533722593181928e-01 8.165067098159989323e-01 5.961533722593181928e-01 5.779401260287885256e-01 8.804957861077007397e-01 8.804957861077007397e-01 5.140331352056579650e-01 4.108722380729359913e-01 8.804957861077007397e-01 5.742591645328071204e-01 4.859126713496573768e-01 4.611692611047371049e-01 5.961533722593181928e-01 8.165067098159989323e-01 8.804957861077007397e-01 7.610013830041972849e-01 8.804957861077007397e-01 8.804957861077007397e-01 6.718096312541033122e-01 8.804957861077007397e-01 8.804957861077007397e-01 5.140331352056579650e-01 8.804957861077007397e-01 8.804957861077007397e-01 6.718096312541033122e-01 8.165067098159989323e-01 8.804957861077007397e-01 5.961533722593181928e-01 8.804957861077007397e-01 6.637362505317506711e-01 5.779401260287885256e-01 5.949861762864629977e-01 5.779401260287885256e-01 8.804957861077007397e-01 5.931196908066973528e-01 4.576418398197421022e-01 8.804957861077007397e-01 5.961533722593181928e-01 5.140331352056579650e-01 8.804957861077007397e-01 5.961533722593181928e-01 5.779401260287885256e-01 8.804957861077007397e-01
8.165067098159989323e-01 1.000000000000000000e+00 8.804957861077007397e-01 8.804957861077007397e-01 6.521461828919770110e-01 8.804957861077007397e-01 7.610013830041972849e-01 8.804957861077007397e-01 8.099226789404221361e-01 7.160531737151074605e-01 6.521461828919770110e-01 6.637362505317506711e-01 6.521461828919770110e-01 8.804957861077007397e-01 5.669897776083854257e-01 7.160531737151074605e-01 8.804957861077007397e-01 5.961533722593181928e-01 7.160531737151074605e-01 1.000000000000000000e+00 5.961533722593181928e-01 7.982269797936059064e-01 8.804957861077007397e-01 8.804957861077007397e-01 8.804957861077007397e-01 8.804957861077007397e-01 8.804957861077007397e-01 8.804957861077007397e-01 5.145920610549667984e-01 5.961533722593181928e-01 6.795580792474000820e-01 1.000000000000000000e+00 1.000000000000000000e+00 8.804957861077007397e-01 6.521461828919770110e-01 8.804957861077007397e-01 8.804957861077007397e-01 6.409392989746517388e-01 8.804957861077007397e-01 8.804957861077007397e-01 7.944785754282426282e-01 6.637362505317506711e-01 6.617091682877037639e-01 1.000000000000000000e+00 8.804957861077007397e-01 4.594998800083130996e-01 5.961533722593181928e-01 6.517292026615256750e-01 8.804957861077007397e-01 8.804957861077007397e-01 1.000000000000000000e+00 8.804957861077007397e-01 6.898430369027590547e-01 6.521461828919770110e-01 8.804957861077007397e-01 8.804957861077007397e-01 8.804957861077007397e-01 8.804957861077007397e-01 7.610013830041972849e-01 1.000000000000000000e+00 5.961533722593181928e-01 5.973208275534447331e-01 5.961533722593181928e-01 6.521461828919770110e-01 7.160531737151074605e-01 7.610013830041972849e-01 8.804957861077007397e-01 5.781966615257105868e-01 8.804957861077007397e-01 8.804957861077007397e-01 8.804957861077007397e-01 6.521461828919770110e-01 8.080195842751793922e-01 8.804957861077007397e-01 6.587429219359823840e-01 8.804957861077007397e-01 1.000000000000000000e+00 8.804957861077007397e-01 8.804957861077007397e-01 6.521461828919770110e-01 8.804957861077007397e-01 6.487993727202763239e-01 8.804957861077007397e-01 6.521461828919770110e-01 5.961533722593181928e-01 1.000000000000000000e+00 5.961533722593181928e-01 7.160531737151074605e-01 8.804957861077007397e-01 8.804957861077007397e-01 6.521461828919770110e-01 5.781966615257105868e-01 8.804957861077007397e-01 7.123722122191260553e-01 6.240257190359763673e-01 5.992823087910561508e-01 5.961533722593181928e-01 1.000000000000000000e+00 8.804957861077007397e-01 7.610013830041972849e-01 8.804957861077007397e-01 8.804957861077007397e-01 8.099226789404221361e-01 8.804957861077007397e-01 8.804957861077007397e-01 6.521461828919770110e-01 8.804957861077007397e-01 8.804957861077007397e-01 8.099226789404221361e-01 1.000000000000000000e+00 8.804957861077007397e-01 5.961533722593181928e-01 8.804957861077007397e-01 6.637362505317506711e-01 7.160531737151074605e-01 7.330992239727820436e-01 7.160531737151074605e-01 8.804957861077007397e-01 5.931196908066973528e-01 6.249662632725168088e-01 8.804957861077007397e-01 5.961533722593181928e-01 6.521461828919770110e-01 8.804957861077007397e-01 5.961533722593181928e-01 7.160531737151074605e-01 8.804957861077007397e-01
8.804957861077007397e-01 8.804957861077007397e-01 1.000000000000000000e+00 1.000000000000000000e+00 5.546802267032785450e-01 1.000000000000000000e+00 8.080335804252551934e-01 1.000000000000000000e+00 7.308455144144101467e-01 6.286718455896049829e-01 5.546802267032785450e-01 7.200264319529203760e-01 5.546802267032785450e-01 1.000000000000000000e+00 4.308730289625106735e-01 6.286718455896049829e-01 1.000000000000000000e+00 6.392607316229685921e-01 6.286718455896049829e-01 8.804957861077007397e-01 6.392607316229685921e-01 8.592191660158825517e-01 1.000000000000000000e+00 1.000000000000000000e+00 1.000000000000000000e+00 1.000000000000000000e+00 1.000000000000000000e+00 1.000000000000000000e+00 5.572314629233604544e-01 6.392607316229685921e-01 5.975126489533768570e-01 8.804957861077007397e-01 8.804957861077007397e-01 1.000000000000000000e+00 5.546802267032785450e-01 1.000000000000000000e+00 1.000000000000000000e+00 5.401643451007931418e-01 1.000000000000000000e+00 1.000000000000000000e+00 8.503845364311999333e-01 7.200264319529203760e-01 5.635082071023159722e-01 8.804957861077007397e-01 1.000000000000000000e+00 4.045955021603441226e-01 6.392607316229685921e-01 5.661005759511195112e-01 1.000000000000000000e+00 1.000000000000000000e+00 8.804957861077007397e-01 1.000000000000000000e+00 5.841159378427286386e-01 5.546802267032785450e-01 1.000000000000000000e+00 1.000000000000000000e+00 1.000000000000000000e+00 1.000000000000000000e+00 8.080335804252551934e-01 8.804957861077007397e-01 6.392607316229685921e-01 4.885443505538312747e-01 6.392607316229685921e-01 5.546802267032785450e-01 6.286718455896049829e-01 8.080335804252551934e-01 1.000000000000000000e+00 4.503410557511678958e-01 1.000000000000000000e+00 1.000000000000000000e+00 1.000000000000000000e+00 5.546802267032785450e-01 8.724636698652974420e-01 1.000000000000000000e+00 6.286718455896049829e-01 1.000000000000000000e+00 8.804957861077007397e-01 1.000000000000000000e+00 1.000000000000000000e+00 5.546802267032785450e-01 1.000000000000000000e+00 5.581090469096137152e-01 1.000000000000000000e+00 5.546802267032785450e-01 6.392607316229685921e-01 8.804957861077007397e-01 6.392607316229685921e-01 6.286718455896049829e-01 1.000000000000000000e+00 1.000000000000000000e+00 5.546802267032785450e-01 4.503410557511678958e-01 1.000000000000000000e+00 6.167297412222914055e-01 5.203555379689117633e-01 4.910445979224348778e-01 6.392607316229685921e-01 8.804957861077007397e-01 1.000000000000000000e+00 8.080335804252551934e-01 1.000000000000000000e+00 1.000000000000000000e+00 7.308455144144101467e-01 1.000000000000000000e+00 1.000000000000000000e+00 5.546802267032785450e-01 1.000000000000000000e+00 1.000000000000000000e+00 7.308455144144101467e-01 8.804957861077007397e-01 1.000000000000000000e+00 6.392607316229685921e-01 1.000000000000000000e+00 7.200264319529203760e-01 6.286718455896049829e-01 6.508410801339611362e-01 6.286718455896049829e-01 1.000000000000000000e+00 6.358115620913256105e-01 5.427428341876338047e-01 1.000000000000000000e+00 6.392607316229685921e-01 5.546802267032785450e-01 1.000000000000000000e+00 6.392607316229685921e-01 6.286718455896049829e-01 1.000000000000000000e+00
8.804957861077007397e-01 8.804957861077007397e-01 1.000000000000000000e+00 1.000000000000000000e+00 5.546802267032785450e-01 1.000000000000000000e+00 8.080335804252551934e-01 1.000000000000000000e+00 7.308455144144101467e-01 6.286718455896049829e-01 5.546802267032785450e-01 7.200264319529203760e-01 5.546802267032785450e-01 1.000000000000000000e+00 4.308730289625106735e-01 6.286718455896049829e-01 1.000000000000000000e+00 6.392607316229685921e-01 6.286718455896049829e-01 8.804957861077007397e-01 6.392607316229685921e-01 8.592191660158825517e-01 1.000000000000000000e+00 1.000000000000000000e+00 1.000000000000000000e+00 1.000000000000000000e+00 1.000000000000000000e+00 1.000000000000000000e+00 5.572314629233604544e-01 6.392607316229685921e-01 5.975126489533768570e-01 8.804957861077007397e-01 8.804957861077007397e-01 1.000000000000000000e+00 5.546802267032785450e-01 1.000000000000000000e+00 1.000000000000000000e+00 5.401643451007931418e-01 1.000000000000000000e+00 1.000000000000000000e+00 8.503845364311999333e-01 7.200264319529203760e-01 5.635082071023159722e-01 8.804957861077007397e-01 1.000000000000000000e+00 4.045955021603441226e-01 6.392607316229685921e-01 5.661005759511195112e-01 1.000000000000000000e+00 1.000000000000000000e+00 8.804957861077007397e-01 1.000000000000000000e+00 5.841159378427286386e-01 5.546802267032785450e-01 1.000000000000000000e+00 1.000000000000000000e+00 1.000000000000000000e+00 1.000000000000000000e+00 8.080335804252551934e-01 8.804957861077007397e-01 6.392607316229685921e-01 4.885443505538312747e-01 6.392607316229685921e-01 5.546802267032785450e-01 6.286718455896049829e-01 8.080335804252551934e-01 1.000000000000000000e+00 4.503410557511678958e-01 1.000000000000000000e+00 1.000000000000000000e+00 1.000000000000000000e+00 5.546802267032785450e-01 8.724636698652974420e-01 1.000000000000000000e+00 6.286718455896049829e-01 1.000000000000000000e+00 8.804957861077007397e-01 1.000000000000000000e+00 1.000000000000000000e+00 5.546802267032785450e-01 1.000000000000000000e+00 5.581090469096137152e-01 1.000000000000000000e+00 5.546802267032785450e-01 6.392607316229685921e-01 8.804957861077007397e-01 6.392607316229685921e-01 6.286718455896049829e-01 1.000000000000000000e+00 1.000000000000000000e+00 5.546802267032785450e-01 4.503410557511678958e-01 1.000000000000000000e+00 6.167297412222914055e-01 5.203555379689117633e-01 4.910445979224348778e-01 6.392607316229685921e-01 8.804957861077007397e-01 1.000000000000000000e+00 8.080335804252551934e-01 1.000000000000000000e+00 1.000000000000000000e+00 7.308455144144101467e-01 1.000000000000000000e+00 1.000000000000000000e+00 5.546802267032785450e-01 1.000000000000000000e+00 1.000000000000000000e+00 7.308455144144101467e-01 8.804957861077007397e-01 1.000000000000000000e+00 6.392607316229685921e-01 1.000000000000000000e+00 7.200264319529203760e-01 6.286718455896049829e-01 6.508410801339611362e-01 6.286718455896049829e-01 1.000000000000000000e+00 6.358115620913256105e-01 5.427428341876338047e-01 1.000000000000000000e+00 6.392607316229685921e-01 5.546802267032785450e-01 1.000000000000000000e+00 6.392607316229685921e-01 6.286718455896049829e-01 1.000000000000000000e+00
5.140331352056579650e-01 6.521461828919770110e-01 5.546802267032785450e-01 5.546802267032785450e-01 1.000000000000000000e+00 5.546802267032785450e-01 4.756828352217190026e-01 5.546802267032785450e-01 5.595191874007787725e-01 9.630053580962163462e-01 9.664819876119453701e-01 8.700885383761483016e-01 1.000000000000000000e+00 5.546802267032785450e-01 8.524751634079301699e-01 9.630053580962163462e-01 5.546802267032785450e-01 8.829160548818877352e-01 9.630053580962163462e-01 6.521461828919770110e-01 8.829160548818877352e-01 4.957662760993367113e-01 5.546802267032785450e-01 5.546802267032785450e-01 5.546802267032785450e-01 5.546802267032785450e-01 5.546802267032785450e-01 5.546802267032785450e-01 3.627937078539550941e-01 8.829160548818877352e-01 7.540997467642236440e-01 6.521461828919770110e-01 6.521461828919770110e-01 5.546802267032785450e-01 9.664819876119453701e-01 5.546802267032785450e-01 5.546802267032785450e-01 9.048662076672443488e-01 5.546802267032785450e-01 5.546802267032785450e-01 4.896082050359658044e-01 8.700885383761483016e-01 4.811169490512274827e-01 6.521461828919770110e-01 5.546802267032785450e-01 7.449852658078579548e-01 8.829160548818877352e-01 6.837098614912986427e-01 5.546802267032785450e-01 5.546802267032785450e-01 6.521461828919770110e-01 5.546802267032785450e-01 8.566095460161816666e-01 9.664819876119453701e-01 5.546802267032785450e-01 5.546802267032785450e-01 5.546802267032785450e-01 5.546802267032785450e-01 4.756828352217190026e-01 6.521461828919770110e-01 8.829160548818877352e-01 6.488533089930161868e-01 8.829160548818877352e-01 1.000000000000000000e+00 9.630053580962163462e-01 4.756828352217190026e-01 5.546802267032785450e-01 9.476089557406855990e-01 5.546802267032785450e-01 5.546802267032785450e-01 5.546802267032785450e-01 9.664819876119453701e-01 6.372778590927098419e-01 5.546802267032785450e-01 8.917412819656422851e-01 5.546802267032785450e-01 6.521461828919770110e-01 5.546802267032785450e-01 5.546802267032785450e-01 9.664819876119453701e-01 5.546802267032785450e-01 8.435298919417977270e-01 5.546802267032785450e-01 9.664819876119453701e-01 8.829160548818877352e-01 6.521461828919770110e-01 8.829160548818877352e-01 9.630053580962163462e-01 5.546802267032785450e-01 5.546802267032785450e-01 9.664819876119453701e-01 9.476089557406855990e-01 5.546802267032785450e-01 8.287912426787893416e-01 8.544346153405145694e-01 7.290541760006951089e-01 8.829160548818877352e-01 6.521461828919770110e-01 5.546802267032785450e-01 4.756828352217190026e-01 5.546802267032785450e-01 5.546802267032785450e-01 5.595191874007787725e-01 5.546802267032785450e-01 5.546802267032785450e-01 9.664819876119453701e-01 5.546802267032785450e-01 5.546802267032785450e-01 5.595191874007787725e-01 6.521461828919770110e-01 5.546802267032785450e-01 8.829160548818877352e-01 5.546802267032785450e-01 8.700885383761483016e-01 9.630053580962163462e-01 5.445930720154665838e-01 9.630053580962163462e-01 5.546802267032785450e-01 3.719275750335097053e-01 8.678353271646359612e-01 5.546802267032785450e-01 8.829160548818877352e-01 9.664819876119453701e-01 5.546802267032785450e-01 8.829160548818877352e-01 9.630053580962163462e-01 5.546802267032785450e-01
8.804957861077007397e-01 8.804957861077007397e-01 1.000000000000000000e+00 1.000000000000000000e+00 5.546802267032785450e-01 1.000000000000000000e+00 8.080335804252551934e-01 1.000000000000000000e+00 7.308455144144101467e-01 6.286718455896049829e-01 5.546802267032785450e-01 7.200264319529203760e-01 5.546802267032785450e-01 1.000000000000000000e+00 4.308730289625106735e-01 6.286718455896049829e-01 1.000000000000000000e+00 6.392607316229685921e-01 6.286718455896049829e-01 8.804957861077007397e-01 6.392607316229685921e-01 8.592191660158825517e-01 1.000000000000000000e+00 1.000000000000000000e+00 1.000000000000000000e+00 1.000000000000000000e+00 1.000000000000000000e+00 1.000000000000000000e+00 5.572314629233604544e-01 6.392607316229685921e-01 5.975126489533768570e-01 8.804957861077007397e-01 8.804957861077007397e-01 1.000000000000000000e+00 5.546802267032785450e-01 1.000000000000000000e+00 1.000000000000000000e+00 5.401643451007931418e-01 1.000000000000000000e+00 1.000000000000000000e+00 8.503845364311999333e-01 7.200264319529203760e-01 5.635082071023159722e-01 8.804957861077007397e-01 1.000000000000000000e+00 4.045955021603441226e-01 6.392607316229685921e-01 5.661005759511195112e-01 1.000000000000000000e+00 1.000000000000000000e+00 8.804957861077007397e-01 1.000000000000000000e+00 5.841159378427286386e-01 5.546802267032785450e-01 1.000000000000000000e+00 1.000000000000000000e+00 1.000000000000000000e+00 1.000000000000000000e+00 8.080335804252551934e-01 8.804957861077007397e-01 6.392607316229685921e-01 4.885443505538312747e-01 6.392607316229685921e-01 5.546802267032785450e-01 6.286718455896049829e-01 8.080335804252551934e-01 1.000000000000000000e+00 4.503410557511678958e-01 1.000000000000000000e+00 1.000000000000000000e+00 1.000000000000000000e+00 5.546802267032785450e-01 8.724636698652974420e-01 1.000000000000000000e+00 6.286718455896049829e-01 1.000000000000000000e+00 8.804957861077007397e-01 1.000000000000000000e+00 1.000000000000000000e+00 5.546802267032785450e-01 1.000000000000000000e+00 5.581090469096137152e-01 1.000000000000000000e+00 5.546802267032785450e-01 6.392607316229685921e-01 8.804957861077007397e-01 6.392607316229685921e-01 6.286718455896049829e-01 1.000000000000000000e+00 1.000000000000000000e+00 5.546802267032785450e-01 4.503410557511678958e-01 1.000000000000000000e+00 6.167297412222914055e-01 5.203555379689117633e-01 4.910445979224348778e-01 6.392607316229685921e-01 8.804957861077007397e-01 1.000000000000000000e+00 8.080335804252551934e-01 1.000000000000000000e+00 1.000000000000000000e+00 7.308455144144101467e-01 1.000000000000000000e+00 1.000000000000000000e+00 5.546802267032785450e-01 1.000000000000000000e+00 1.000000000000000000e+00 7.308455144144101467e-01 8.804957861077007397e-01 1.000000000000000000e+00 6.392607316229685921e-01 1.000000000000000000e+00 7.200264319529203760e-01 6.286718455896049829e-01 6.508410801339611362e-01 6.286718455896049829e-01 1.000000000000000000e+00 6.358115620913256105e-01 5.427428341876338047e-01 1.000000000000000000e+00 6.392607316229685921e-01 5.546802267032785450e-01 1.000000000000000000e+00 6.392607316229685921e-01 6.286718455896049829e-01 1.000000000000000000e+00
7.610013830041972849e-01 7.610013830041972849e-01 8.080335804252551934e-01 8.080335804252551934e-01 4.756828352217190026e-01 8.080335804252551934e-01 1.000000000000000000e+00 8.080335804252551934e-01 9.279632750777687678e-01 5.395898260448496186e-01 4.756828352217190026e-01 6.253859505478116532e-01 4.756828352217190026e-01 8.080335804252551934e-01 4.246080251388136828e-01 5.395898260448496186e-01 8.080335804252551934e-01 5.702437798153870974e-01 5.395898260448496186e-01 7.610013830041972849e-01 5.702437798153870974e-01 7.689615061127044182e-01 8.080335804252551934e-01 8.080335804252551934e-01 8.080335804252551934e-01 8.080335804252551934e-01 8.080335804252551934e-01 8.080335804252551934e-01 7.900052870528329052e-01 5.702437798153870974e-01 5.030947315771421291e-01 7.610013830041972849e-01 7.610013830041972849e-01 8.080335804252551934e-01 4.756828352217190026e-01 8.080335804252551934e-01 8.080335804252551934e-01 5.277689222715356010e-01 8.080335804252551934e-01 8.080335804252551934e-01 7.389732486164408698e-01 6.253859505478116532e-01 5.497292677750640344e-01 7.610013830041972849e-01 8.080335804252551934e-01 6.348507279247848079e-01 5.702437798153870974e-01 4.758153055407182142e-01 8.080335804252551934e-01 8.080335804252551934e-01 7.610013830041972849e-01 8.080335804252551934e-01 5.766726601996430279e-01 4.756828352217190026e-01 8.080335804252551934e-01 8.080335804252551934e-01 8.080335804252551934e-01 8.080335804252551934e-01 1.000000000000000000e+00 7.610013830041972849e-01 5.702437798153870974e-01 4.188103179097779072e-01 5.702437798153870974e-01 4.756828352217190026e-01 5.395898260448496186e-01 1.000000000000000000e+00 8.080335804252551934e-01 3.725219380889969734e-01 8.080335804252551934e-01 8.080335804252551934e-01 8.080335804252551934e-01 4.756828352217190026e-01 7.607737874185214189e-01 8.080335804252551934e-01 5.395898260448496186e-01 8.080335804252551934e-01 7.610013830041972849e-01 8.080335804252551934e-01 8.080335804252551934e-01 4.756828352217190026e-01 8.080335804252551934e-01 5.356289960171602971e-01 8.080335804252551934e-01 4.756828352217190026e-01 5.702437798153870974e-01 7.610013830041972849e-01 5.702437798153870974e-01 5.395898260448496186e-01 8.080335804252551934e-01 8.080335804252551934e-01 4.756828352217190026e-01 3.725219380889969734e-01 8.080335804252551934e-01 5.992018355160100285e-01 4.419203937596569154e-01 4.175615988993520156e-01 5.702437798153870974e-01 7.610013830041972849e-01 8.080335804252551934e-01 1.000000000000000000e+00 8.080335804252551934e-01 8.080335804252551934e-01 7.450491565050746390e-01 8.080335804252551934e-01 8.080335804252551934e-01 4.756828352217190026e-01 8.080335804252551934e-01 8.080335804252551934e-01 9.279632750777687678e-01 7.610013830041972849e-01 8.080335804252551934e-01 5.702437798153870974e-01 8.080335804252551934e-01 6.253859505478116532e-01 5.395898260448496186e-01 6.199288472696660168e-01 5.395898260448496186e-01 8.080335804252551934e-01 5.504344395237230625e-01 4.130085365887158910e-01 8.080335804252551934e-01 5.702437798153870974e-01 4.756828352217190026e-01 8.080335804252551934e-01 5.702437798153870974e-01 5.395898260448496186e-01 8.080335804252551934e-01
8.804957861077007397e-01 8.804957861077007397e-01 1.000000000000000000e+00 1.000000000000000000e+00 5.546802267032785450e-01 1.000000000000000000e+00 8.080335804252551934e-01 1.000000000000000000e+00 7.308455144144101467e-01 6.286718455896049829e-01 5.546802267032785450e-01 7.200264319529203760e-01 5.546802267032785450e-01 1.000000000000000000e+00 4.308730289625106735e-01 6.286718455896049829e-01 1.000000000000000000e+00 6.392607316229685921e-01 6.286718455896049829e-01 8.804957861077007397e-01 6.392607316229685921e-01 8.592191660158825517e-01 1.000000000000000000e+00 1.000000000000000000e+00 1.000000000000000000e+00 1.000000000000000000e+00 1.000000000000000000e+00 1.000000000000000000e+00 5.572314629233604544e-01 6.392607316229685921e-01 5.975126489533768570e-01 8.804957861077007397e-01 8.804957861077007397e-01 1.000000000000000000e+00 5.546802267032785450e-01 1.000000000000000000e+00 1.000000000000000000e+00 5.401643451007931418e-01 1.000000000000000000e+00 1.000000000000000000e+00 8.503845364311999333e-01 7.200264319529203760e-01 5.635082071023159722e-01 8.804957861077007397e-01 1.000000000000000000e+00 4.045955021603441226e-01 6.392607316229685921e-01 5.661005759511195112e-01 1.000000000000000000e+00 1.000000000000000000e+00 8.804957861077007397e-01 1.000000000000000000e+00 5.841159378427286386e-01 5.546802267032785450e-01 1.000000000000000000e+00 1.000000000000000000e+00 1.000000000000000000e+00 1.000000000000000000e+00 8.080335804252551934e-01 8.804957861077007397e-01 6.392607316229685921e-01 4.885443505538312747e-01 6.392607316229685921e-01 5.546802267032785450e-01 6.286718455896049829e-01 8.080335804252551934e-01 1.000000000000000000e+00 4.503410557511678958e-01 1.000000000000000000e+00 1.000000000000000000e+00 1.000000000000000000e+00 5.546802267032785450e-01 8.724636698652974420e-01 1.000000000000000000e+00 6.286718455896049829e-01 1.000000000000000000e+00 8.804957861077007397e-01 1.000000000000000000e+00 1.000000000000000000e+00 5.546802267032785450e-01 1.000000000000000000e+00 5.581090469096137152e-01 1.000000000000000000e+00 5.546802267032785450e-01 6.392607316229685921e-01 8.804957861077007397e-01 6.392607316229685921e-01 6.286718455896049829e-01 1.000000000000000000e+00 1.000000000000000000e+00 5.546802267032785450e-01 4.503410557511678958e-01 1.000000000000000000e+00 6.167297412222914055e-01 5.203555379689117633e-01 4.910445979224348778e-01 6.392607316229685921e-01 8.804957861077007397e-01 1.000000000000000000e+00 8.080335804252551934e-01 1.000000000000000000e+00 1.000000000000000000e+00 7.308455144144101467e-01 1.000000000000000000e+00 1.000000000000000000e+00 5.546802267032785450e-01 1.000000000000000000e+00 1.000000000000000000e+00 7.308455144144101467e-01 8.804957861077007397e-01 1.000000000000000000e+00 6.392607316229685921e-01 1.000000000000000000e+00 7.200264319529203760e-01 6.286718455896049829e-01 6.508410801339611362e-01 6.286718455896049829e-01 1.000000000000000000e+00 6.358115620913256105e-01 5.427428341876338047e-01 1.000000000000000000e+00 6.392607316229685921e-01 5.546802267032785450e-01 1.000000000000000000e+00 6.392607316229685921e-01 6.286718455896049829e-01 1.000000000000000000e+00
6.718096312541033122e-01 8.099226789404221361e-01 7.308455144144101467e-01 7.308455144144101467e-01 5.595191874007787725e-01 7.308455144144101467e-01 9.279632750777687678e-01 7.308455144144101467e-01 1.000000000000000000e+00 6.137530163037826503e-01 5.595191874007787725e-01 5.768831136612204702e-01 5.595191874007787725e-01 7.308455144144101467e-01 5.349590108116204501e-01 6.137530163037826503e-01 7.308455144144101467e-01 5.301870835737249044e-01 6.137530163037826503e-01 8.099226789404221361e-01 5.301870835737249044e-01 6.969247811904731860e-01 7.308455144144101467e-01 7.308455144144101467e-01 7.308455144144101467e-01 7.308455144144101467e-01 7.308455144144101467e-01 7.308455144144101467e-01 7.615864807001301306e-01 5.301870835737249044e-01 5.859590334012765300e-01 8.099226789404221361e-01 8.099226789404221361e-01 7.308455144144101467e-01 5.595191874007787725e-01 7.308455144144101467e-01 7.308455144144101467e-01 6.165574196367673565e-01 7.308455144144101467e-01 7.308455144144101467e-01 6.669365236942095265e-01 5.768831136612204702e-01 6.355303479229563735e-01 8.099226789404221361e-01 7.308455144144101467e-01 6.586800860520106715e-01 5.301870835737249044e-01 5.712895476087374025e-01 7.308455144144101467e-01 7.308455144144101467e-01 8.099226789404221361e-01 7.308455144144101467e-01 6.692101239439042226e-01 5.595191874007787725e-01 7.308455144144101467e-01 7.308455144144101467e-01 7.308455144144101467e-01 7.308455144144101467e-01 9.279632750777687678e-01 8.099226789404221361e-01 5.301870835737249044e-01 5.142845599777970955e-01 5.301870835737249044e-01 5.595191874007787725e-01 6.137530163037826503e-01 9.279632750777687678e-01 7.308455144144101467e-01 4.779207785756318105e-01 7.308455144144101467e-01 7.308455144144101467e-01 7.308455144144101467e-01 5.595191874007787725e-01 6.818918119768981878e-01 7.308455144144101467e-01 5.424889401732085892e-01 7.308455144144101467e-01 8.099226789404221361e-01 7.308455144144101467e-01 7.308455144144101467e-01 5.595191874007787725e-01 7.308455144144101467e-01 6.147443314622652588e-01 7.308455144144101467e-01 5.595191874007787725e-01 5.301870835737249044e-01 8.099226789404221361e-01 5.301870835737249044e-01 6.137530163037826503e-01 7.308455144144101467e-01 7.308455144144101467e-01 5.595191874007787725e-01 4.779207785756318105e-01 7.308455144144101467e-01 6.820661373401444294e-01 5.307088911248886154e-01 5.100990626436132658e-01 5.301870835737249044e-01 8.099226789404221361e-01 7.308455144144101467e-01 9.279632750777687678e-01 7.308455144144101467e-01 7.308455144144101467e-01 8.170858814273060933e-01 7.308455144144101467e-01 7.308455144144101467e-01 5.595191874007787725e-01 7.308455144144101467e-01 7.308455144144101467e-01 1.000000000000000000e+00 8.099226789404221361e-01 7.308455144144101467e-01 5.301870835737249044e-01 7.308455144144101467e-01 5.768831136612204702e-01 6.137530163037826503e-01 7.057299274175583559e-01 6.137530163037826503e-01 7.308455144144101467e-01 5.135694925260911869e-01 5.233595222615227138e-01 7.308455144144101467e-01 5.301870835737249044e-01 5.595191874007787725e-01 7.308455144144101467e-01 5.301870835737249044e-01 6.137530163037826503e-01 7.308455144144101467e-01
5.779401260287885256e-01 7.160531737151074605e-01 6.286718455896049829e-01 6.286718455896049829e-01 9.630053580962163462e-01 6.286718455896049829e-01 5.395898260448496186e-01 6.286718455896049829e-01 6.137530163037826503e-01 1.000000000000000000e+00 9.630053580962163462e-01 9.208457377634231555e-01 9.630053580962163462e-01 6.286718455896049829e-01 8.059038725816558557e-01 1.000000000000000000e+00 6.286718455896049829e-01 9.199106967856711670e-01 1.000000000000000000e+00 7.160531737151074605e-01 9.199106967856711670e-01 5.667307947710623628e-01 6.286718455896049829e-01 6.286718455896049829e-01 6.286718455896049829e-01 6.286718455896049829e-01 6.286718455896049829e-01 6.286718455896049829e-01 4.032649792734677163e-01 9.199106967856711670e-01 7.529410168544992121e-01 7.160531737151074605e-01 7.160531737151074605e-01 6.286718455896049829e-01 9.630053580962163462e-01 6.286718455896049829e-01 6.286718455896049829e-01 8.678715657634609171e-01 6.286718455896049829e-01 6.286718455896049829e-01 5.608296247849222649e-01 9.208457377634231555e-01 5.215882204707400494e-01 7.160531737151074605e-01 6.286718455896049829e-01 6.984139749815836407e-01 9.199106967856711670e-01 6.540296485133407778e-01 6.286718455896049829e-01 6.286718455896049829e-01 7.160531737151074605e-01 6.286718455896049829e-01 8.196149041123981238e-01 9.630053580962163462e-01 6.286718455896049829e-01 6.286718455896049829e-01 6.286718455896049829e-01 6.286718455896049829e-01 5.395898260448496186e-01 7.160531737151074605e-01 9.199106967856711670e-01 6.118586670892325330e-01 9.199106967856711670e-01 9.630053580962163462e-01 1.000000000000000000e+00 5.395898260448496186e-01 6.286718455896049829e-01 9.010376649144113959e-01 6.286718455896049829e-01 6.286718455896049829e-01 6.286718455896049829e-01 9.630053580962163462e-01 7.082423777644355489e-01 6.286718455896049829e-01 9.287359238694256058e-01 6.286718455896049829e-01 7.160531737151074605e-01 6.286718455896049829e-01 6.286718455896049829e-01 9.630053580962163462e-01 6.286718455896049829e-01 8.350567331062473952e-01 6.286718455896049829e-01 9.630053580962163462e-01 9.199106967856711670e-01 7.160531737151074605e-01 9.199106967856711670e-01 1.000000000000000000e+00 6.286718455896049829e-01 6.286718455896049829e-01 9.630053580962163462e-01 9.010376649144113959e-01 6.286718455896049829e-01 8.014691730259267954e-01 8.509579858247855455e-01 7.255775464849660850e-01 9.199106967856711670e-01 7.160531737151074605e-01 6.286718455896049829e-01 5.395898260448496186e-01 6.286718455896049829e-01 6.286718455896049829e-01 6.137530163037826503e-01 6.286718455896049829e-01 6.286718455896049829e-01 9.630053580962163462e-01 6.286718455896049829e-01 6.286718455896049829e-01 6.137530163037826503e-01 7.160531737151074605e-01 6.286718455896049829e-01 9.199106967856711670e-01 6.286718455896049829e-01 9.208457377634231555e-01 1.000000000000000000e+00 5.923787723608049394e-01 1.000000000000000000e+00 6.286718455896049829e-01 4.261614039365134166e-01 8.386754404435421417e-01 6.286718455896049829e-01 9.199106967856711670e-01 9.630053580962163462e-01 6.286718455896049829e-01 9.199106967856711670e-01 1.000000000000000000e+00 6.286718455896049829e-01
5.140331352056579650e-01 6.521461828919770110e-01 5.546802267032785450e-01 5.546802267032785450e-01 9.664819876119453701e-01 5.546802267032785450e-01 4.756828352217190026e-01 5.546802267032785450e-01 5.595191874007787725e-01 9.630053580962163462e-01 1.000000000000000000e+00 8.700885383761483016e-01 9.664819876119453701e-01 5.546802267032785450e-01 8.524751634079301699e-01 9.630053580962163462e-01 5.546802267032785450e-01 9.164340672699423651e-01 9.630053580962163462e-01 6.521461828919770110e-01 9.164340672699423651e-01 4.957662760993367113e-01 5.546802267032785450e-01 5.546802267032785450e-01 5.546802267032785450e-01 5.546802267032785450e-01 5.546802267032785450e-01 5.546802267032785450e-01 3.627937078539550941e-01 9.164340672699423651e-01 7.540997467642236440e-01 6.521461828919770110e-01 6.521461828919770110e-01 5.546802267032785450e-01 1.000000000000000000e+00 5.546802267032785450e-01 5.546802267032785450e-01 8.713481952791899410e-01 5.546802267032785450e-01 5.546802267032785450e-01 4.896082050359658044e-01 8.700885383761483016e-01 4.811169490512274827e-01 6.521461828919770110e-01 5.546802267032785450e-01 7.449852658078579548e-01 9.164340672699423651e-01 6.382438514603636648e-01 5.546802267032785450e-01 5.546802267032785450e-01 6.521461828919770110e-01 5.546802267032785450e-01 8.230915336281270367e-01 1.000000000000000000e+00 5.546802267032785450e-01 5.546802267032785450e-01 5.546802267032785450e-01 5.546802267032785450e-01 4.756828352217190026e-01 6.521461828919770110e-01 9.164340672699423651e-01 6.033872989620812088e-01 9.164340672699423651e-01 9.664819876119453701e-01 9.630053580962163462e-01 4.756828352217190026e-01 5.546802267032785450e-01 9.476089557406855990e-01 5.546802267032785450e-01 5.546802267032785450e-01 5.546802267032785450e-01 1.000000000000000000e+00 6.372778590927098419e-01 5.546802267032785450e-01 8.917412819656422851e-01 5.546802267032785450e-01 6.521461828919770110e-01 5.546802267032785450e-01 5.546802267032785450e-01 1.000000000000000000e+00 5.546802267032785450e-01 8.435298919417977270e-01 5.546802267032785450e-01 1.000000000000000000e+00 9.164340672699423651e-01 6.521461828919770110e-01 9.164340672699423651e-01 9.630053580962163462e-01 5.546802267032785450e-01 5.546802267032785450e-01 1.000000000000000000e+00 9.476089557406855990e-01 5.546802267032785450e-01 7.952732302907348227e-01 8.879526277285691993e-01 7.290541760006951089e-01 9.164340672699423651e-01 6.521461828919770110e-01 5.546802267032785450e-01 4.756828352217190026e-01 5.546802267032785450e-01 5.546802267032785450e-01 5.595191874007787725e-01 5.546802267032785450e-01 5.546802267032785450e-01 1.000000000000000000e+00 5.546802267032785450e-01 5.546802267032785450e-01 5.595191874007787725e-01 6.521461828919770110e-01 5.546802267032785450e-01 9.164340672699423651e-01 5.546802267032785450e-01 8.700885383761483016e-01 9.630053580962163462e-01 5.445930720154665838e-01 9.630053580962163462e-01 5.546802267032785450e-01 3.719275750335097053e-01 8.678353271646359612e-01 5.546802267032785450e-01 9.164340672699423651e-01 1.000000000000000000e+00 5.546802267032785450e-01 9.164340672699423651e-01 9.630053580962163462e-01 5.546802267032785450e-01
6.637362505317506711e-01 6.637362505317506711e-01 7.200264319529203760e-01 7.200264319529203760e-01 8.700885383761483016e-01 7.200264319529203760e-01 6.253859505478116532e-01 7.200264319529203760e-01 5.768831136612204702e-01 9.208457377634231555e-01 8.700885383761483016e-01 1.000000000000000000e+00 8.700885383761483016e-01 7.200264319529203760e-01 6.674996633282345160e-01 9.208457377634231555e-01 7.200264319529203760e-01 9.620988140089652418e-01 9.208457377634231555e-01 6.637362505317506711e-01 9.620988140089652418e-01 6.626115473372203857e-01 7.200264319529203760e-01 7.200264319529203760e-01 7.200264319529203760e-01 7.200264319529203760e-01 7.200264319529203760e-01 7.200264319529203760e-01 4.454530964967619022e-01 9.620988140089652418e-01 6.997867057853862649e-01 6.637362505317506711e-01 6.637362505317506711e-01 7.200264319529203760e-01 8.700885383761483016e-01 7.200264319529203760e-01 7.200264319529203760e-01 7.749547460433927615e-01 7.200264319529203760e-01 7.200264319529203760e-01 6.588631429718569965e-01 1.000000000000000000e+00 4.424339582341632049e-01 6.637362505317506711e-01 7.200264319529203760e-01 6.536538862330187882e-01 9.620988140089652418e-01 5.733502224772454303e-01 7.200264319529203760e-01 7.200264319529203760e-01 6.637362505317506711e-01 7.200264319529203760e-01 7.266980843923299682e-01 8.700885383761483016e-01 7.200264319529203760e-01 7.200264319529203760e-01 7.200264319529203760e-01 7.200264319529203760e-01 6.253859505478116532e-01 6.637362505317506711e-01 9.620988140089652418e-01 5.189418473691644884e-01 9.620988140089652418e-01 8.700885383761483016e-01 9.208457377634231555e-01 6.253859505478116532e-01 7.200264319529203760e-01 7.626334556609899451e-01 7.200264319529203760e-01 7.200264319529203760e-01 7.200264319529203760e-01 8.700885383761483016e-01 8.041231303305934608e-01 7.200264319529203760e-01 9.208457377634231555e-01 7.200264319529203760e-01 6.637362505317506711e-01 7.200264319529203760e-01 7.200264319529203760e-01 8.700885383761483016e-01 7.200264319529203760e-01 7.696650283531617509e-01 7.200264319529203760e-01 8.700885383761483016e-01 9.620988140089652418e-01 6.637362505317506711e-01 9.620988140089652418e-01 9.208457377634231555e-01 7.200264319529203760e-01 7.200264319529203760e-01 8.700885383761483016e-01 7.626334556609899451e-01 7.200264319529203760e-01 7.360774682728412621e-01 7.580411661047175009e-01 6.326607267648980404e-01 9.620988140089652418e-01 6.637362505317506711e-01 7.200264319529203760e-01 6.253859505478116532e-01 7.200264319529203760e-01 7.200264319529203760e-01 5.768831136612204702e-01 7.200264319529203760e-01 7.200264319529203760e-01 8.700885383761483016e-01 7.200264319529203760e-01 7.200264319529203760e-01 5.768831136612204702e-01 6.637362505317506711e-01 7.200264319529203760e-01 9.620988140089652418e-01 7.200264319529203760e-01 1.000000000000000000e+00 9.208457377634231555e-01 5.254619038082007920e-01 9.208457377634231555e-01 7.200264319529203760e-01 5.053156661730903165e-01 7.254761489923660100e-01 7.200264319529203760e-01 9.620988140089652418e-01 8.700885383761483016e-01 7.200264319529203760e-01 9.620988140089652418e-01 9.208457377634231555e-01 7.200264319529203760e-01
