1.000000000000000000e+00 5.186333068634831900e-01 7.113664650045778970e-01 4.438249220446559007e-01 7.113664650045778970e-01 6.776105029585979267e-01 5.989926693571846483e-01 7.033602615881671127e-01 7.113664650045778970e-01 6.776105029585979267e-01 7.113664650045778970e-01 7.113664650045778970e-01 7.113664650045778970e-01 6.776105029585979267e-01 7.113664650045778970e-01 6.246214382969059731e-01 5.753750098622130160e-01 7.113664650045778970e-01 4.432271524991048262e-01 2.648416532769438114e-01 7.596858777184303246e-01 7.113664650045778970e-01 7.113664650045778970e-01 7.113664650045778970e-01 8.747727979741569404e-02 8.015077896535059698e-02 8.091295192203229458e-02 6.968058692850029323e-02 6.968058692850029323e-02 7.901523560075439379e-02 7.901523560075439379e-02 8.144637109951849419e-02 7.468978962892999784e-02 1.040801810510075948e-01 1.124640003209401995e-01 8.962604281714120491e-02 8.980845079870020120e-02 7.475587923727769479e-02 1.117466051796418974e-01 7.786595376170260541e-02 8.306171494175790260e-02 8.189665776760760019e-02 8.222213380367220104e-02 7.475587923727769479e-02 7.865551249515539967e-02 8.103659273544309982e-02 7.865551249515539967e-02 8.520847573493009475e-02 7.422246005979160621e-02 8.909262363965500531e-02
5.186333068634831900e-01 1.000000000000000000e+00 6.419304707385264930e-01 3.857987065660979931e-01 6.419304707385264930e-01 6.057652684428889156e-01 5.460708000656089300e-01 6.315150270724581016e-01 6.419304707385264930e-01 6.057652684428889156e-01 6.419304707385264930e-01 6.419304707385264930e-01 6.419304707385264930e-01 6.057652684428889156e-01 6.419304707385264930e-01 5.434825499376569891e-01 3.728119237933563146e-01 6.419304707385264930e-01 2.649033169044622826e-01 3.803346971969249757e-01 2.977895480045181786e-01 6.419304707385264930e-01 6.419304707385264930e-01 6.419304707385264930e-01 1.030535810474551006e-01 1.095063753184374045e-01 9.395088708606179340e-02 7.905340527672879980e-02 7.905340527672879980e-02 9.153799327128779584e-02 9.153799327128779584e-02 9.466671424510700317e-02 8.558618493256439641e-02 1.117884354916942047e-01 1.220721840341977005e-01 1.059441458301552952e-01 1.062391278887678953e-01 8.568741699599490003e-02 1.064513685039300966e-01 8.980845079870020120e-02 9.684145186876200184e-02 9.537382455865900388e-02 9.731502671293819351e-02 8.568741699599490003e-02 9.111666192571879486e-02 9.428182816004790356e-02 9.111666192571879486e-02 8.993734303932210405e-02 8.497158983694970413e-02 1.052283186711100993e-01
7.113664650045778970e-01 6.419304707385264930e-01 1.000000000000000000e+00 5.631973037546726957e-01 1.000000000000000000e+00 9.059931642485096193e-01 7.100488845501461421e-01 9.585750885301960178e-01 1.000000000000000000e+00 9.059931642485096193e-01 1.000000000000000000e+00 1.000000000000000000e+00 1.000000000000000000e+00 9.059931642485096193e-01 1.000000000000000000e+00 7.655174806233215890e-01 5.655450819344511881e-01 1.000000000000000000e+00 4.666193201386896749e-01 3.594889274498923037e-01 4.488686164313703819e-01 1.000000000000000000e+00 1.000000000000000000e+00 1.000000000000000000e+00 1.020427718297973047e-01 8.320898046823410610e-02 9.310657171706659962e-02 7.851998609924260020e-02 7.851998609924260020e-02 9.082216611224259994e-02 9.082216611224259994e-02 9.382239887611179552e-02 8.497158983694970413e-02 1.040890212435024026e-01 1.070834432577630058e-01 1.049333366124975964e-01 1.052283186711100993e-01 8.507282190038019387e-02 8.320898046823410610e-02 8.909262363965510245e-02 9.599713649976679419e-02 9.452950918966379623e-02 9.640593580384730632e-02 8.507282190038019387e-02 9.040083476667359896e-02 9.343751279105269592e-02 9.040083476667359896e-02 8.382357556384879838e-02 8.435699474133499798e-02 1.042175094534524005e-01
4.438249220446559007e-01 3.857987065660979931e-01 5.631973037546726957e-01 1.000000000000000000e+00 5.631973037546726957e-01 6.397781746670436753e-01 8.390120793414438394e-01 6.208489680699098567e-01 5.631973037546726957e-01 6.397781746670436753e-01 5.631973037546726957e-01 5.631973037546726957e-01 5.631973037546726957e-01 6.397781746670436753e-01 5.631973037546726957e-01 7.938688014529102777e-01 3.340926051848335243e-01 5.631973037546726957e-01 7.770529122202771699e-01 3.238469315703165763e-01 2.761901722297067097e-01 5.631973037546726957e-01 5.631973037546726957e-01 5.631973037546726957e-01 8.819310695646090381e-02 8.225459251911700076e-02 8.152754701764700074e-02 7.009339294593269765e-02 7.009339294593269765e-02 7.954865477824059339e-02 7.954865477824059339e-02 8.206096619513320034e-02 7.515711919806850050e-02 2.532149844806161898e-01 1.178509578193688984e-01 9.034186997618640080e-02 9.052427795774539709e-02 7.522320880641619745e-02 1.419717021826792935e-01 7.839937293918880501e-02 8.367631003737259487e-02 8.251125286322230634e-02 8.286315944469789530e-02 7.522320880641619745e-02 7.918893167264159927e-02 8.165118783105780598e-02 7.918893167264159927e-02 9.966003109178810104e-02 7.468978962892999784e-02 8.980845079870020120e-02
7.113664650045778970e-01 6.419304707385264930e-01 1.000000000000000000e+00 5.631973037546726957e-01 1.000000000000000000e+00 9.059931642485096193e-01 7.100488845501461421e-01 9.585750885301960178e-01 1.000000000000000000e+00 9.059931642485096193e-01 1.000000000000000000e+00 1.000000000000000000e+00 1.000000000000000000e+00 9.059931642485096193e-01 1.000000000000000000e+00 7.655174806233215890e-01 5.655450819344511881e-01 1.000000000000000000e+00 4.666193201386896749e-01 3.594889274498923037e-01 4.488686164313703819e-01 1.000000000000000000e+00 1.000000000000000000e+00 1.000000000000000000e+00 1.020427718297973047e-01 8.320898046823410610e-02 9.310657171706659962e-02 7.851998609924260020e-02 7.851998609924260020e-02 9.082216611224259994e-02 9.082216611224259994e-02 9.382239887611179552e-02 8.497158983694970413e-02 1.040890212435024026e-01 1.070834432577630058e-01 1.049333366124975964e-01 1.052283186711100993e-01 8.507282190038019387e-02 8.320898046823410610e-02 8.909262363965510245e-02 9.599713649976679419e-02 9.452950918966379623e-02 9.640593580384730632e-02 8.507282190038019387e-02 9.040083476667359896e-02 9.343751279105269592e-02 9.040083476667359896e-02 8.382357556384879838e-02 8.435699474133499798e-02 1.042175094534524005e-01
6.776105029585979267e-01 6.057652684428889156e-01 9.059931642485096193e-01 6.397781746670436753e-01 9.059931642485096193e-01 1.000000000000000000e+00 6.758068156185013109e-01 9.674445157046953625e-01 9.059931642485096193e-01 9.714188500914101576e-01 9.059931642485096193e-01 9.059931642485096193e-01 9.059931642485096193e-01 1.000000000000000000e+00 9.059931642485096193e-01 7.217337962442158528e-01 5.311745247928564284e-01 9.059931642485096193e-01 5.459223739576020140e-01 4.543623567493165760e-01 4.199021918201790160e-01 9.059931642485096193e-01 9.059931642485096193e-01 9.059931642485096193e-01 9.569343759566109608e-02 7.893279211667500461e-02 8.786343344842570402e-02 7.468978962892999784e-02 7.468978962892999784e-02 8.561388304392629489e-02 8.561388304392629489e-02 8.847802854404039630e-02 8.046696004078590647e-02 9.745604696437669412e-02 9.996173692484269790e-02 9.817187412342190389e-02 9.840159439680229436e-02 8.054813595891439915e-02 7.893279211667500461e-02 8.420972921485879448e-02 9.034186997618640080e-02 8.903742232545609758e-02 9.008956207635769597e-02 8.054813595891439915e-02 8.522344452840109608e-02 8.807711108701689329e-02 8.522344452840109608e-02 7.946621129416120421e-02 7.993354086329970687e-02 9.755727902780719774e-02
5.989926693571846483e-01 5.460708000656089300e-01 7.100488845501461421e-01 8.390120793414438394e-01 7.100488845501461421e-01 6.758068156185013109e-01 1.000000000000000000e+00 7.015565742480707190e-01 7.100488845501461421e-01 6.758068156185013109e-01 7.100488845501461421e-01 7.100488845501461421e-01 7.100488845501461421e-01 6.758068156185013109e-01 7.100488845501461421e-01 9.667742586049775655e-01 4.193190189311027938e-01 7.100488845501461421e-01 6.401760960196676287e-01 2.328782118338051932e-01 3.360834342897326965e-01 7.100488845501461421e-01 7.100488845501461421e-01 7.100488845501461421e-01 8.365926713632319822e-02 7.953908016931519886e-02 7.766650287909419859e-02 6.714021129045839864e-02 6.714021129045839864e-02 7.570242693596369865e-02 7.570242693596369865e-02 7.813383244823270124e-02 7.175363299740379619e-02 2.490278610695630945e-01 1.135475160351045038e-01 8.554015146951869653e-02 8.568741699599490003e-02 7.180815654910989443e-02 1.405036238669161996e-01 7.475587923727769479e-02 7.954738721228969689e-02 7.850174225643330450e-02 7.838452319690800141e-02 7.180815654910989443e-02 7.537174189884339459e-02 7.772019343492299337e-02 7.537174189884339459e-02 9.672387446026189939e-02 7.134082697997140565e-02 8.507282190038019387e-02
7.033602615881671127e-01 6.315150270724581016e-01 9.585750885301960178e-01 6.208489680699098567e-01 9.585750885301960178e-01 9.674445157046953625e-01 7.015565742480707190e-01 1.000000000000000000e+00 9.585750885301960178e-01 9.674445157046953625e-01 9.585750885301960178e-01 9.585750885301960178e-01 9.585750885301960178e-01 9.674445157046953625e-01 9.585750885301960178e-01 7.545674241299800133e-01 5.569242834224257255e-01 9.585750885301960178e-01 5.258959339712203640e-01 3.961351326156631880e-01 4.408182832124321049e-01 9.585750885301960178e-01 9.585750885301960178e-01 9.585750885301960178e-01 9.670424681331890593e-02 7.954738721228969689e-02 8.870774881742080065e-02 7.522320880641619745e-02 7.522320880641619745e-02 8.632971020297139364e-02 8.632971020297139364e-02 8.932234391303550680e-02 8.108155513640059875e-02 9.846685618203450396e-02 1.009725461425004939e-01 9.918268334107960271e-02 9.941240361446010421e-02 8.116273105452910530e-02 7.954738721228969689e-02 8.492555637390389323e-02 9.118618534518159457e-02 8.988173769445119421e-02 9.099865298544859704e-02 8.116273105452910530e-02 8.593927168744630585e-02 8.892142645601210094e-02 8.593927168744630585e-02 8.008080638977589649e-02 8.054813595891439915e-02 9.856808824546489656e-02
7.113664650045778970e-01 6.419304707385264930e-01 1.000000000000000000e+00 5.631973037546726957e-01 1.000000000000000000e+00 9.059931642485096193e-01 7.100488845501461421e-01 9.585750885301960178e-01 1.000000000000000000e+00 9.059931642485096193e-01 1.000000000000000000e+00 1.000000000000000000e+00 1.000000000000000000e+00 9.059931642485096193e-01 1.000000000000000000e+00 7.655174806233215890e-01 5.655450819344511881e-01 1.000000000000000000e+00 4.666193201386896749e-01 3.594889274498923037e-01 4.488686164313703819e-01 1.000000000000000000e+00 1.000000000000000000e+00 1.000000000000000000e+00 1.020427718297973047e-01 8.320898046823410610e-02 9.310657171706659962e-02 7.851998609924260020e-02 7.851998609924260020e-02 9.082216611224259994e-02 9.082216611224259994e-02 9.382239887611179552e-02 8.497158983694970413e-02 1.040890212435024026e-01 1.070834432577630058e-01 1.049333366124975964e-01 1.052283186711100993e-01 8.507282190038019387e-02 8.320898046823410610e-02 8.909262363965510245e-02 9.599713649976679419e-02 9.452950918966379623e-02 9.640593580384730632e-02 8.507282190038019387e-02 9.040083476667359896e-02 9.343751279105269592e-02 9.040083476667359896e-02 8.382357556384879838e-02 8.435699474133499798e-02 1.042175094534524005e-01
6.776105029585979267e-01 6.057652684428889156e-01 9.059931642485096193e-01 6.397781746670436753e-01 9.059931642485096193e-01 9.714188500914101576e-01 6.758068156185013109e-01 9.674445157046953625e-01 9.059931642485096193e-01 1.000000000000000000e+00 9.059931642485096193e-01 9.059931642485096193e-01 9.059931642485096193e-01 9.714188500914101576e-01 9.059931642485096193e-01 7.217337962442158528e-01 5.311745247928564284e-01 9.059931642485096193e-01 5.459223739576020140e-01 4.150643392127968956e-01 4.199021918201790160e-01 9.059931642485096193e-01 9.059931642485096193e-01 9.059931642485096193e-01 9.569343759566109608e-02 7.893279211667500461e-02 8.786343344842570402e-02 7.468978962892999784e-02 7.468978962892999784e-02 8.561388304392629489e-02 8.561388304392629489e-02 8.847802854404039630e-02 8.046696004078590647e-02 9.745604696437669412e-02 9.996173692484269790e-02 9.817187412342190389e-02 9.840159439680229436e-02 8.054813595891439915e-02 7.893279211667500461e-02 8.420972921485879448e-02 9.034186997618640080e-02 8.903742232545609758e-02 9.008956207635769597e-02 8.054813595891439915e-02 8.522344452840109608e-02 8.807711108701689329e-02 8.522344452840109608e-02 7.946621129416120421e-02 7.993354086329970687e-02 9.755727902780719774e-02
7.113664650045778970e-01 6.419304707385264930e-01 1.000000000000000000e+00 5.631973037546726957e-01 1.000000000000000000e+00 9.059931642485096193e-01 7.100488845501461421e-01 9.585750885301960178e-01 1.000000000000000000e+00 9.059931642485096193e-01 1.000000000000000000e+00 1.000000000000000000e+00 1.000000000000000000e+00 9.059931642485096193e-01 1.000000000000000000e+00 7.655174806233215890e-01 5.655450819344511881e-01 1.000000000000000000e+00 4.666193201386896749e-01 3.594889274498923037e-01 4.488686164313703819e-01 1.000000000000000000e+00 1.000000000000000000e+00 1.000000000000000000e+00 1.020427718297973047e-01 8.320898046823410610e-02 9.310657171706659962e-02 7.851998609924260020e-02 7.851998609924260020e-02 9.082216611224259994e-02 9.082216611224259994e-02 9.382239887611179552e-02 8.497158983694970413e-02 1.040890212435024026e-01 1.070834432577630058e-01 1.049333366124975964e-01 1.052283186711100993e-01 8.507282190038019387e-02 8.320898046823410610e-02 8.909262363965510245e-02 9.599713649976679419e-02 9.452950918966379623e-02 9.640593580384730632e-02 8.507282190038019387e-02 9.040083476667359896e-02 9.343751279105269592e-02 9.040083476667359896e-02 8.382357556384879838e-02 8.435699474133499798e-02 1.042175094534524005e-01
7.113664650045778970e-01 6.419304707385264930e-01 1.000000000000000000e+00 5.631973037546726957e-01 1.000000000000000000e+00 9.059931642485096193e-01 7.100488845501461421e-01 9.585750885301960178e-01 1.000000000000000000e+00 9.059931642485096193e-01 1.000000000000000000e+00 1.000000000000000000e+00 1.000000000000000000e+00 9.059931642485096193e-01 1.000000000000000000e+00 7.655174806233215890e-01 5.655450819344511881e-01 1.000000000000000000e+00 4.666193201386896749e-01 3.594889274498923037e-01 4.488686164313703819e-01 1.000000000000000000e+00 1.000000000000000000e+00 1.000000000000000000e+00 1.020427718297973047e-01 8.320898046823410610e-02 9.310657171706659962e-02 7.851998609924260020e-02 7.851998609924260020e-02 9.082216611224259994e-02 9.082216611224259994e-02 9.382239887611179552e-02 8.497158983694970413e-02 1.040890212435024026e-01 1.070834432577630058e-01 1.049333366124975964e-01 1.052283186711100993e-01 8.507282190038019387e-02 8.320898046823410610e-02 8.909262363965510245e-02 9.599713649976679419e-02 9.452950918966379623e-02 9.640593580384730632e-02 8.507282190038019387e-02 9.040083476667359896e-02 9.343751279105269592e-02 9.040083476667359896e-02 8.382357556384879838e-02 8.435699474133499798e-02 1.042175094534524005e-01
7.113664650045778970e-01 6.419304707385264930e-01 1.000000000000000000e+00 5.631973037546726957e-01 1.000000000000000000e+00 9.059931642485096193e-01 7.100488845501461421e-01 9.585750885301960178e-01 1.000000000000000000e+00 9.059931642485096193e-01 1.000000000000000000e+00 1.000000000000000000e+00 1.000000000000000000e+00 9.059931642485096193e-01 1.000000000000000000e+00 7.655174806233215890e-01 5.655450819344511881e-01 1.000000000000000000e+00 4.666193201386896749e-01 3.594889274498923037e-01 4.488686164313703819e-01 1.000000000000000000e+00 1.000000000000000000e+00 1.000000000000000000e+00 1.020427718297973047e-01 8.320898046823410610e-02 9.310657171706659962e-02 7.851998609924260020e-02 7.851998609924260020e-02 9.082216611224259994e-02 9.082216611224259994e-02 9.382239887611179552e-02 8.497158983694970413e-02 1.040890212435024026e-01 1.070834432577630058e-01 1.049333366124975964e-01 1.052283186711100993e-01 8.507282190038019387e-02 8.320898046823410610e-02 8.909262363965510245e-02 9.599713649976679419e-02 9.452950918966379623e-02 9.640593580384730632e-02 8.507282190038019387e-02 9.040083476667359896e-02 9.343751279105269592e-02 9.040083476667359896e-02 8.382357556384879838e-02 8.435699474133499798e-02 1.042175094534524005e-01
6.776105029585979267e-01 6.057652684428889156e-01 9.059931642485096193e-01 6.397781746670436753e-01 9.059931642485096193e-01 1.000000000000000000e+00 6.758068156185013109e-01 9.674445157046953625e-01 9.059931642485096193e-01 9.714188500914101576e-01 9.059931642485096193e-01 9.059931642485096193e-01 9.059931642485096193e-01 1.000000000000000000e+00 9.059931642485096193e-01 7.217337962442158528e-01 5.311745247928564284e-01 9.059931642485096193e-01 5.459223739576020140e-01 4.543623567493165760e-01 4.199021918201790160e-01 9.059931642485096193e-01 9.059931642485096193e-01 9.059931642485096193e-01 9.569343759566109608e-02 7.893279211667500461e-02 8.786343344842570402e-02 7.468978962892999784e-02 7.468978962892999784e-02 8.561388304392629489e-02 8.561388304392629489e-02 8.847802854404039630e-02 8.046696004078590647e-02 9.745604696437669412e-02 9.996173692484269790e-02 9.817187412342190389e-02 9.840159439680229436e-02 8.054813595891439915e-02 7.893279211667500461e-02 8.420972921485879448e-02 9.034186997618640080e-02 8.903742232545609758e-02 9.008956207635769597e-02 8.054813595891439915e-02 8.522344452840109608e-02 8.807711108701689329e-02 8.522344452840109608e-02 7.946621129416120421e-02 7.993354086329970687e-02 9.755727902780719774e-02
7.113664650045778970e-01 6.419304707385264930e-01 1.000000000000000000e+00 5.631973037546726957e-01 1.000000000000000000e+00 9.059931642485096193e-01 7.100488845501461421e-01 9.585750885301960178e-01 1.000000000000000000e+00 9.059931642485096193e-01 1.000000000000000000e+00 1.000000000000000000e+00 1.000000000000000000e+00 9.059931642485096193e-01 1.000000000000000000e+00 7.655174806233215890e-01 5.655450819344511881e-01 1.000000000000000000e+00 4.666193201386896749e-01 3.594889274498923037e-01 4.488686164313703819e-01 1.000000000000000000e+00 1.000000000000000000e+00 1.000000000000000000e+00 1.020427718297973047e-01 8.320898046823410610e-02 9.310657171706659962e-02 7.851998609924260020e-02 7.851998609924260020e-02 9.082216611224259994e-02 9.082216611224259994e-02 9.382239887611179552e-02 8.497158983694970413e-02 1.040890212435024026e-01 1.070834432577630058e-01 1.049333366124975964e-01 1.052283186711100993e-01 8.507282190038019387e-02 8.320898046823410610e-02 8.909262363965510245e-02 9.599713649976679419e-02 9.452950918966379623e-02 9.640593580384730632e-02 8.507282190038019387e-02 9.040083476667359896e-02 9.343751279105269592e-02 9.040083476667359896e-02 8.382357556384879838e-02 8.435699474133499798e-02 1.042175094534524005e-01
6.246214382969059731e-01 5.434825499376569891e-01 7.655174806233215890e-01 7.938688014529102777e-01 7.655174806233215890e-01 7.217337962442158528e-01 9.667742586049775655e-01 7.545674241299800133e-01 7.655174806233215890e-01 7.217337962442158528e-01 7.655174806233215890e-01 7.655174806233215890e-01 7.655174806233215890e-01 7.217337962442158528e-01 7.655174806233215890e-01 1.000000000000000000e+00 4.776520409536781919e-01 7.655174806233215890e-01 6.699906680316195517e-01 2.519661607099463185e-01 3.754659704937299836e-01 7.655174806233215890e-01 7.655174806233215890e-01 7.655174806233215890e-01 8.880770205207559609e-02 8.266739853654940517e-02 8.206096619513320034e-02 7.046069139340059573e-02 7.046069139340059573e-02 8.001598434737909604e-02 8.001598434737909604e-02 8.259438537261939994e-02 7.556992521550090491e-02 2.538295795762309237e-01 1.184655529149836045e-01 9.095646507180109308e-02 9.113887305336010325e-02 7.563601482384860186e-02 1.423845082001116980e-01 7.886670250832729379e-02 8.420972921485879448e-02 8.304467204070850594e-02 8.341260999414840116e-02 7.563601482384860186e-02 7.965626124178010192e-02 8.218460700854400558e-02 7.965626124178010192e-02 1.000728371092205055e-01 7.510259564636240226e-02 9.042304589431489348e-02
5.753750098622130160e-01 3.728119237933563146e-01 5.655450819344511881e-01 3.340926051848335243e-01 5.655450819344511881e-01 5.311745247928564284e-01 4.193190189311027938e-01 5.569242834224257255e-01 5.655450819344511881e-01 5.311745247928564284e-01 5.655450819344511881e-01 5.655450819344511881e-01 5.655450819344511881e-01 5.311745247928564284e-01 5.655450819344511881e-01 4.776520409536781919e-01 1.000000000000000000e+00 5.655450819344511881e-01 4.635375570226747954e-01 2.345834241105435869e-01 4.511111113163948083e-01 5.655450819344511881e-01 5.655450819344511881e-01 5.655450819344511881e-01 3.334719129221669909e-01 2.943645757353501868e-01 2.895810551034401215e-01 3.197086414206206095e-01 3.197086414206206095e-01 2.128576482964505967e-01 2.593630891763832880e-01 1.992524332825504896e-01 3.623961771475597837e-01 2.107235384605140871e-01 2.100407875707213101e-01 2.977943221497298953e-01 2.040649769890708898e-01 3.337456365351439969e-01 1.759329237780659083e-01 5.124286997989542236e-01 3.525727125651859084e-01 2.610042303231279726e-01 4.647190536024090046e-01 2.353816733960455987e-01 5.526253775947317370e-01 2.245211636075191974e-01 4.494929949298127059e-01 2.763710463066271217e-01 2.707494551574095021e-01 3.032164964815579067e-01
7.113664650045778970e-01 6.419304707385264930e-01 1.000000000000000000e+00 5.631973037546726957e-01 1.000000000000000000e+00 9.059931642485096193e-01 7.100488845501461421e-01 9.585750885301960178e-01 1.000000000000000000e+00 9.059931642485096193e-01 1.000000000000000000e+00 1.000000000000000000e+00 1.000000000000000000e+00 9.059931642485096193e-01 1.000000000000000000e+00 7.655174806233215890e-01 5.655450819344511881e-01 1.000000000000000000e+00 4.666193201386896749e-01 3.594889274498923037e-01 4.488686164313703819e-01 1.000000000000000000e+00 1.000000000000000000e+00 1.000000000000000000e+00 1.020427718297973047e-01 8.320898046823410610e-02 9.310657171706659962e-02 7.851998609924260020e-02 7.851998609924260020e-02 9.082216611224259994e-02 9.082216611224259994e-02 9.382239887611179552e-02 8.497158983694970413e-02 1.040890212435024026e-01 1.070834432577630058e-01 1.049333366124975964e-01 1.052283186711100993e-01 8.507282190038019387e-02 8.320898046823410610e-02 8.909262363965510245e-02 9.599713649976679419e-02 9.452950918966379623e-02 9.640593580384730632e-02 8.507282190038019387e-02 9.040083476667359896e-02 9.343751279105269592e-02 9.040083476667359896e-02 8.382357556384879838e-02 8.435699474133499798e-02 1.042175094534524005e-01
4.432271524991048262e-01 2.649033169044622826e-01 4.666193201386896749e-01 7.770529122202771699e-01 4.666193201386896749e-01 5.459223739576020140e-01 6.401760960196676287e-01 5.258959339712203640e-01 4.666193201386896749e-01 5.459223739576020140e-01 4.666193201386896749e-01 4.666193201386896749e-01 4.666193201386896749e-01 5.459223739576020140e-01 4.666193201386896749e-01 6.699906680316195517e-01 4.635375570226747954e-01 4.666193201386896749e-01 1.000000000000000000e+00 3.374458580704255972e-01 3.584363758263273136e-01 4.666193201386896749e-01 4.666193201386896749e-01 4.666193201386896749e-01 9.569343759566109608e-02 9.102247691004200503e-02 8.786343344842560688e-02 7.468978962892999784e-02 7.468978962892999784e-02 8.561388304392629489e-02 8.561388304392629489e-02 8.847802854404039630e-02 8.046696004078590647e-02 2.667761593217194971e-01 1.374442478173862059e-01 9.817187412342190389e-02 9.840159439680240538e-02 8.054813595891439915e-02 1.536884258738913933e-01 8.420972921485879448e-02 9.034186997618640080e-02 8.903742232545600044e-02 9.008956207635769597e-02 8.054813595891439915e-02 8.522344452840109608e-02 8.807711108701689329e-02 8.522344452840109608e-02 1.094290862212762006e-01 7.993354086329970687e-02 9.755727902780719774e-02
2.648416532769438114e-01 3.803346971969249757e-01 3.594889274498923037e-01 3.238469315703165763e-01 3.594889274498923037e-01 4.543623567493165760e-01 2.328782118338051932e-01 3.961351326156631880e-01 3.594889274498923037e-01 4.150643392127968956e-01 3.594889274498923037e-01 3.594889274498923037e-01 3.594889274498923037e-01 4.543623567493165760e-01 3.594889274498923037e-01 2.519661607099463185e-01 2.345834241105435869e-01 3.594889274498923037e-01 3.374458580704255972e-01 1.000000000000000000e+00 1.972083391879538017e-01 3.594889274498923037e-01 3.594889274498923037e-01 3.594889274498923037e-01 1.010319626121396058e-01 1.220764357598737998e-01 9.226225634807140585e-02 7.798656692175640059e-02 7.798656692175640059e-02 9.010633895319740405e-02 9.010633895319740405e-02 9.297808350711660175e-02 8.435699474133499798e-02 1.121894836565514031e-01 1.254780139113673976e-01 1.039225273948398004e-01 1.042175094534524005e-01 8.445822680476550159e-02 1.107278160652157006e-01 8.837679648060990656e-02 9.515282113077169757e-02 9.368519382066860246e-02 9.549684489475640525e-02 8.445822680476550159e-02 8.968500760762840307e-02 9.259319742205759929e-02 8.968500760762840307e-02 9.093432009205970612e-02 8.374239964572030570e-02 1.032067002357946045e-01
7.596858777184303246e-01 2.977895480045181786e-01 4.488686164313703819e-01 2.761901722297067097e-01 4.488686164313703819e-01 4.199021918201790160e-01 3.360834342897326965e-01 4.408182832124321049e-01 4.488686164313703819e-01 4.199021918201790160e-01 4.488686164313703819e-01 4.488686164313703819e-01 4.488686164313703819e-01 4.199021918201790160e-01 4.488686164313703819e-01 3.754659704937299836e-01 4.511111113163948083e-01 4.488686164313703819e-01 3.584363758263273136e-01 1.972083391879538017e-01 1.000000000000000000e+00 4.488686164313703819e-01 4.488686164313703819e-01 4.488686164313703819e-01 1.049068745992919049e-01 9.742231942345909446e-02 9.677452999782780452e-02 9.015313542370209654e-02 9.015313542370209654e-02 1.536878662659134087e-01 1.536878662659134087e-01 9.974565515105400515e-02 9.868424106842940691e-02 1.156959893240609022e-01 1.179899855943152970e-01 1.259060333739469018e-01 1.112793354498371051e-01 9.885604333247689779e-02 1.207517757274023940e-01 1.126449962024203000e-01 1.133139296356655973e-01 1.061743238308144044e-01 1.350935432965283955e-01 9.885604333247689779e-02 1.211494853537564004e-01 1.297040472989290094e-01 1.192260026729547034e-01 1.060650334454296961e-01 9.780840086005229694e-02 1.248583909015223009e-01
7.113664650045778970e-01 6.419304707385264930e-01 1.000000000000000000e+00 5.631973037546726957e-01 1.000000000000000000e+00 9.059931642485096193e-01 7.100488845501461421e-01 9.585750885301960178e-01 1.000000000000000000e+00 9.059931642485096193e-01 1.000000000000000000e+00 1.000000000000000000e+00 1.000000000000000000e+00 9.059931642485096193e-01 1.000000000000000000e+00 7.655174806233215890e-01 5.655450819344511881e-01 1.000000000000000000e+00 4.666193201386896749e-01 3.594889274498923037e-01 4.488686164313703819e-01 1.000000000000000000e+00 1.000000000000000000e+00 1.000000000000000000e+00 1.020427718297973047e-01 8.320898046823410610e-02 9.310657171706659962e-02 7.851998609924260020e-02 7.851998609924260020e-02 9.082216611224259994e-02 9.082216611224259994e-02 9.382239887611179552e-02 8.497158983694970413e-02 1.040890212435024026e-01 1.070834432577630058e-01 1.049333366124975964e-01 1.052283186711100993e-01 8.507282190038019387e-02 8.320898046823410610e-02 8.909262363965510245e-02 9.599713649976679419e-02 9.452950918966379623e-02 9.640593580384730632e-02 8.507282190038019387e-02 9.040083476667359896e-02 9.343751279105269592e-02 9.040083476667359896e-02 8.382357556384879838e-02 8.435699474133499798e-02 1.042175094534524005e-01
7.113664650045778970e-01 6.419304707385264930e-01 1.000000000000000000e+00 5.631973037546726957e-01 1.000000000000000000e+00 9.059931642485096193e-01 7.100488845501461421e-01 9.585750885301960178e-01 1.000000000000000000e+00 9.059931642485096193e-01 1.000000000000000000e+00 1.000000000000000000e+00 1.000000000000000000e+00 9.059931642485096193e-01 1.000000000000000000e+00 7.655174806233215890e-01 5.655450819344511881e-01 1.000000000000000000e+00 4.666193201386896749e-01 3.594889274498923037e-01 4.488686164313703819e-01 1.000000000000000000e+00 1.000000000000000000e+00 1.000000000000000000e+00 1.020427718297973047e-01 8.320898046823410610e-02 9.310657171706659962e-02 7.851998609924260020e-02 7.851998609924260020e-02 9.082216611224259994e-02 9.082216611224259994e-02 9.382239887611179552e-02 8.497158983694970413e-02 1.040890212435024026e-01 1.070834432577630058e-01 1.049333366124975964e-01 1.052283186711100993e-01 8.507282190038019387e-02 8.320898046823410610e-02 8.909262363965510245e-02 9.599713649976679419e-02 9.452950918966379623e-02 9.640593580384730632e-02 8.507282190038019387e-02 9.040083476667359896e-02 9.343751279105269592e-02 9.040083476667359896e-02 8.382357556384879838e-02 8.435699474133499798e-02 1.042175094534524005e-01
7.113664650045778970e-01 6.419304707385264930e-01 1.000000000000000000e+00 5.631973037546726957e-01 1.000000000000000000e+00 9.059931642485096193e-01 7.100488845501461421e-01 9.585750885301960178e-01 1.000000000000000000e+00 9.059931642485096193e-01 1.000000000000000000e+00 1.000000000000000000e+00 1.000000000000000000e+00 9.059931642485096193e-01 1.000000000000000000e+00 7.655174806233215890e-01 5.655450819344511881e-01 1.000000000000000000e+00 4.666193201386896749e-01 3.594889274498923037e-01 4.488686164313703819e-01 1.000000000000000000e+00 1.000000000000000000e+00 1.000000000000000000e+00 1.020427718297973047e-01 8.320898046823410610e-02 9.310657171706659962e-02 7.851998609924260020e-02 7.851998609924260020e-02 9.082216611224259994e-02 9.082216611224259994e-02 9.382239887611179552e-02 8.497158983694970413e-02 1.040890212435024026e-01 1.070834432577630058e-01 1.049333366124975964e-01 1.052283186711100993e-01 8.507282190038019387e-02 8.320898046823410610e-02 8.909262363965510245e-02 9.599713649976679419e-02 9.452950918966379623e-02 9.640593580384730632e-02 8.507282190038019387e-02 9.040083476667359896e-02 9.343751279105269592e-02 9.040083476667359896e-02 8.382357556384879838e-02 8.435699474133499798e-02 1.042175094534524005e-01
8.747727979741569404e-02 1.030535810474551006e-01 1.020427718297973047e-01 8.819310695646090381e-02 1.020427718297973047e-01 9.569343759566109608e-02 8.365926713632319822e-02 9.670424681331890593e-02 1.020427718297973047e-01 9.569343759566109608e-02 1.020427718297973047e-01 1.020427718297973047e-01 1.020427718297973047e-01 9.569343759566109608e-02 1.020427718297973047e-01 8.880770205207559609e-02 3.334719129221669909e-01 1.020427718297973047e-01 9.569343759566109608e-02 1.010319626121396058e-01 1.049068745992919049e-01 1.020427718297973047e-01 1.020427718297973047e-01 1.020427718297973047e-01 1.000000000000000000e+00 4.695233217008791815e-01 7.285632581323913115e-01 6.148332702850723974e-01 5.097842776246535035e-01 3.436547597318718728e-01 4.545947652903370995e-01 6.074925042214124327e-01 5.984741509984292662e-01 6.777553526664144012e-01 7.862627118620322264e-01 4.791557275807508121e-01 6.865664507427235996e-01 5.563472710341094141e-01 2.382331793231892980e-01 6.904773911482551263e-01 6.587233057951731308e-01 7.784768592793247510e-01 6.762684706361077325e-01 3.985987922952248796e-01 6.766761658760362952e-01 6.169617116912508026e-01 7.796460743899682466e-01 4.401687167203240936e-01 4.470986810017489876e-01 5.157753497714746560e-01
8.015077896535059698e-02 1.095063753184374045e-01 8.320898046823410610e-02 8.225459251911700076e-02 8.320898046823410610e-02 7.893279211667500461e-02 7.953908016931519886e-02 7.954738721228969689e-02 8.320898046823410610e-02 7.893279211667500461e-02 8.320898046823410610e-02 8.320898046823410610e-02 8.320898046823410610e-02 7.893279211667500461e-02 8.320898046823410610e-02 8.266739853654940517e-02 2.943645757353501868e-01 8.320898046823410610e-02 9.102247691004200503e-02 1.220764357598737998e-01 9.742231942345909446e-02 8.320898046823410610e-02 8.320898046823410610e-02 8.320898046823410610e-02 4.695233217008791815e-01 1.000000000000000000e+00 5.179841522800391340e-01 7.969030989208278903e-01 7.969030989208278903e-01 3.814905711474014804e-01 5.141847121871870874e-01 3.969133983690603107e-01 7.092972730388132918e-01 3.586840854852181848e-01 3.845932018130566732e-01 5.237618897359154202e-01 3.650578019110348182e-01 6.185301064415789085e-01 2.804403332336901089e-01 5.437813040217127636e-01 6.445367850174434921e-01 6.675559235968460126e-01 5.358224467752356057e-01 6.191691918576913700e-01 5.013073971815960039e-01 3.938649617876899822e-01 5.301889927099040500e-01 4.942598061890886019e-01 4.989060436802942866e-01 5.741640130954019927e-01
8.091295192203229458e-02 9.395088708606179340e-02 9.310657171706659962e-02 8.152754701764700074e-02 9.310657171706659962e-02 8.786343344842570402e-02 7.766650287909419859e-02 8.870774881742080065e-02 9.310657171706659962e-02 8.786343344842570402e-02 9.310657171706659962e-02 9.310657171706659962e-02 9.310657171706659962e-02 8.786343344842570402e-02 9.310657171706659962e-02 8.206096619513320034e-02 2.895810551034401215e-01 9.310657171706659962e-02 8.786343344842560688e-02 9.226225634807140585e-02 9.677452999782780452e-02 9.310657171706659962e-02 9.310657171706659962e-02 9.310657171706659962e-02 7.285632581323913115e-01 5.179841522800391340e-01 1.000000000000000000e+00 6.392639384716305440e-01 6.584386559151349516e-01 3.955224903640796041e-01 5.118400639911355743e-01 6.369234417300313478e-01 6.581299302282883623e-01 6.310510292826519985e-01 6.383202781508510171e-01 5.423506085297162826e-01 6.405779545180062540e-01 6.160030502639686212e-01 2.814182595885826865e-01 5.413330070629316371e-01 6.520009656830512146e-01 6.565599444214689218e-01 5.338140429911910623e-01 4.477754500334300003e-01 4.988591002228148774e-01 7.144500876361246089e-01 5.277406957511229235e-01 5.512288532141114139e-01 4.962753387399542193e-01 6.305634624525364718e-01
6.968058692850029323e-02 7.905340527672879980e-02 7.851998609924260020e-02 7.009339294593269765e-02 7.851998609924260020e-02 7.468978962892999784e-02 6.714021129045839864e-02 7.522320880641619745e-02 7.851998609924260020e-02 7.468978962892999784e-02 7.851998609924260020e-02 7.851998609924260020e-02 7.851998609924260020e-02 7.468978962892999784e-02 7.851998609924260020e-02 7.046069139340059573e-02 3.197086414206206095e-01 7.851998609924260020e-02 7.468978962892999784e-02 7.798656692175640059e-02 9.015313542370209654e-02 7.851998609924260020e-02 7.851998609924260020e-02 7.851998609924260020e-02 6.148332702850723974e-01 7.969030989208278903e-01 6.392639384716305440e-01 1.000000000000000000e+00 9.395875414937777670e-01 4.156357477067210149e-01 5.629892945621725042e-01 4.386060086109249134e-01 7.099949879583704604e-01 3.853998648834410234e-01 4.774976112555184837e-01 5.613065066900356781e-01 3.965421339610346041e-01 6.678681079940504972e-01 2.956503571705583755e-01 5.867031044548067786e-01 7.436504057181988481e-01 7.693374554587892877e-01 5.843708895942544279e-01 6.626244114682715569e-01 5.442291976146900190e-01 4.267809481557802154e-01 6.781597858034169590e-01 5.338549421073774948e-01 5.423612632908745290e-01 6.216381732157274520e-01
6.968058692850029323e-02 7.905340527672879980e-02 7.851998609924260020e-02 7.009339294593269765e-02 7.851998609924260020e-02 7.468978962892999784e-02 6.714021129045839864e-02 7.522320880641619745e-02 7.851998609924260020e-02 7.468978962892999784e-02 7.851998609924260020e-02 7.851998609924260020e-02 7.851998609924260020e-02 7.468978962892999784e-02 7.851998609924260020e-02 7.046069139340059573e-02 3.197086414206206095e-01 7.851998609924260020e-02 7.468978962892999784e-02 7.798656692175640059e-02 9.015313542370209654e-02 7.851998609924260020e-02 7.851998609924260020e-02 7.851998609924260020e-02 5.097842776246535035e-01 7.969030989208278903e-01 6.584386559151349516e-01 9.395875414937777670e-01 1.000000000000000000e+00 4.156357477067210149e-01 5.629892945621725042e-01 4.386060086109249134e-01 7.099949879583704604e-01 3.853998648834410234e-01 4.173665600194580994e-01 5.613065066900356781e-01 3.965421339610346041e-01 6.678681079940504972e-01 2.956503571705583755e-01 5.867031044548067786e-01 6.927267722968142305e-01 7.092485338387106708e-01 5.843708895942544279e-01 6.626244114682715569e-01 5.442291976146900190e-01 4.267809481557802154e-01 5.731107931429980651e-01 5.338549421073774948e-01 5.423612632908745290e-01 6.216381732157274520e-01
7.901523560075439379e-02 9.153799327128779584e-02 9.082216611224259994e-02 7.954865477824059339e-02 9.082216611224259994e-02 8.561388304392629489e-02 7.570242693596369865e-02 8.632971020297139364e-02 9.082216611224259994e-02 8.561388304392629489e-02 9.082216611224259994e-02 9.082216611224259994e-02 9.082216611224259994e-02 8.561388304392629489e-02 9.082216611224259994e-02 8.001598434737909604e-02 2.128576482964505967e-01 9.082216611224259994e-02 8.561388304392629489e-02 9.010633895319740405e-02 1.536878662659134087e-01 9.082216611224259994e-02 9.082216611224259994e-02 9.082216611224259994e-02 3.436547597318718728e-01 3.814905711474014804e-01 3.955224903640796041e-01 4.156357477067210149e-01 4.156357477067210149e-01 1.000000000000000000e+00 8.452835834742584709e-01 4.027400580784588069e-01 4.821388280747567201e-01 3.498606531501741168e-01 2.792228277096928113e-01 5.668922092443549055e-01 5.356829585088367374e-01 6.392798675699071786e-01 3.351213075854472812e-01 4.035574420272172169e-01 5.533734135418598710e-01 3.810772667801846092e-01 3.950086340455857270e-01 4.471685565959048758e-01 3.743191433663807244e-01 4.751316651156384241e-01 3.969942271694313907e-01 4.322711255136409969e-01 3.839109263288619789e-01 5.130321250355509566e-01
7.901523560075439379e-02 9.153799327128779584e-02 9.082216611224259994e-02 7.954865477824059339e-02 9.082216611224259994e-02 8.561388304392629489e-02 7.570242693596369865e-02 8.632971020297139364e-02 9.082216611224259994e-02 8.561388304392629489e-02 9.082216611224259994e-02 9.082216611224259994e-02 9.082216611224259994e-02 8.561388304392629489e-02 9.082216611224259994e-02 8.001598434737909604e-02 2.593630891763832880e-01 9.082216611224259994e-02 8.561388304392629489e-02 9.010633895319740405e-02 1.536878662659134087e-01 9.082216611224259994e-02 9.082216611224259994e-02 9.082216611224259994e-02 4.545947652903370995e-01 5.141847121871870874e-01 5.118400639911355743e-01 5.629892945621725042e-01 5.629892945621725042e-01 8.452835834742584709e-01 1.000000000000000000e+00 4.736061158684106154e-01 6.769906375135866794e-01 3.498606531501741168e-01 3.500888854996445088e-01 5.668922092443549055e-01 3.809665419830953192e-01 6.232086085087096272e-01 2.530363876489454267e-01 5.409659145813584535e-01 6.743292975153075686e-01 4.883568658671226248e-01 5.336537915101298157e-01 5.380715882701134767e-01 4.953510485077923242e-01 4.751316651156384241e-01 5.333487746807442642e-01 4.864035890964447106e-01 5.002284999559181156e-01 6.085734670561511184e-01
8.144637109951849419e-02 9.466671424510700317e-02 9.382239887611179552e-02 8.206096619513320034e-02 9.382239887611179552e-02 8.847802854404039630e-02 7.813383244823270124e-02 8.932234391303550680e-02 9.382239887611179552e-02 8.847802854404039630e-02 9.382239887611179552e-02 9.382239887611179552e-02 9.382239887611179552e-02 8.847802854404039630e-02 9.382239887611179552e-02 8.259438537261939994e-02 1.992524332825504896e-01 9.382239887611179552e-02 8.847802854404039630e-02 9.297808350711660175e-02 9.974565515105400515e-02 9.382239887611179552e-02 9.382239887611179552e-02 9.382239887611179552e-02 6.074925042214124327e-01 3.969133983690603107e-01 6.369234417300313478e-01 4.386060086109249134e-01 4.386060086109249134e-01 4.027400580784588069e-01 4.736061158684106154e-01 1.000000000000000000e+00 5.133061958787179524e-01 5.316788107701857502e-01 5.213402335288296330e-01 4.396219892003448981e-01 5.578692352774179408e-01 4.711793159143979892e-01 1.967610469745900981e-01 4.202622531519527027e-01 5.112337968573996694e-01 5.572936664647820670e-01 3.913134432448328037e-01 6.686492798029185503e-01 3.788359887842607243e-01 4.909496437900917054e-01 4.077175843125686039e-01 3.729482676608260050e-01 6.282709168386526599e-01 5.059931197223743737e-01
