1.000000000000000000e+00 1.000000000000000000e+00 1.000000000000000000e+00 1.000000000000000000e+00 7.113664650045778970e-01 6.419304707385264930e-01 1.000000000000000000e+00 5.631973037546726957e-01 1.000000000000000000e+00 9.059931642485096193e-01 7.100488845501461421e-01 9.585750885301960178e-01 1.000000000000000000e+00 9.059931642485096193e-01 1.000000000000000000e+00 1.000000000000000000e+00 1.000000000000000000e+00 9.059931642485096193e-01 1.000000000000000000e+00 7.655174806233215890e-01 5.655450819344511881e-01 1.000000000000000000e+00 4.666193201386896749e-01 3.594889274498923037e-01 4.488686164313703819e-01 1.000000000000000000e+00 1.000000000000000000e+00 1.000000000000000000e+00 9.220452698481763631e-01 1.000000000000000000e+00 8.311683852886699864e-01 1.000000000000000000e+00 7.445315120090626460e-01 1.050618248224475942e-01 1.000000000000000000e+00 1.000000000000000000e+00
1.000000000000000000e+00 1.000000000000000000e+00 1.000000000000000000e+00 1.000000000000000000e+00 7.113664650045778970e-01 6.419304707385264930e-01 1.000000000000000000e+00 5.631973037546726957e-01 1.000000000000000000e+00 9.059931642485096193e-01 7.100488845501461421e-01 9.585750885301960178e-01 1.000000000000000000e+00 9.059931642485096193e-01 1.000000000000000000e+00 1.000000000000000000e+00 1.000000000000000000e+00 9.059931642485096193e-01 1.000000000000000000e+00 7.655174806233215890e-01 5.655450819344511881e-01 1.000000000000000000e+00 4.666193201386896749e-01 3.594889274498923037e-01 4.488686164313703819e-01 1.000000000000000000e+00 1.000000000000000000e+00 1.000000000000000000e+00 9.220452698481763631e-01 1.000000000000000000e+00 8.311683852886699864e-01 1.000000000000000000e+00 7.445315120090626460e-01 1.050618248224475942e-01 1.000000000000000000e+00 1.000000000000000000e+00
1.000000000000000000e+00 1.000000000000000000e+00 1.000000000000000000e+00 1.000000000000000000e+00 7.113664650045778970e-01 6.419304707385264930e-01 1.000000000000000000e+00 5.631973037546726957e-01 1.000000000000000000e+00 9.059931642485096193e-01 7.100488845501461421e-01 9.585750885301960178e-01 1.000000000000000000e+00 9.059931642485096193e-01 1.000000000000000000e+00 1.000000000000000000e+00 1.000000000000000000e+00 9.059931642485096193e-01 1.000000000000000000e+00 7.655174806233215890e-01 5.655450819344511881e-01 1.000000000000000000e+00 4.666193201386896749e-01 3.594889274498923037e-01 4.488686164313703819e-01 1.000000000000000000e+00 1.000000000000000000e+00 1.000000000000000000e+00 9.220452698481763631e-01 1.000000000000000000e+00 8.311683852886699864e-01 1.000000000000000000e+00 7.445315120090626460e-01 1.050618248224475942e-01 1.000000000000000000e+00 1.000000000000000000e+00
1.000000000000000000e+00 1.000000000000000000e+00 1.000000000000000000e+00 1.000000000000000000e+00 7.113664650045778970e-01 6.419304707385264930e-01 1.000000000000000000e+00 5.631973037546726957e-01 1.000000000000000000e+00 9.059931642485096193e-01 7.100488845501461421e-01 9.585750885301960178e-01 1.000000000000000000e+00 9.059931642485096193e-01 1.000000000000000000e+00 1.000000000000000000e+00 1.000000000000000000e+00 9.059931642485096193e-01 1.000000000000000000e+00 7.655174806233215890e-01 5.655450819344511881e-01 1.000000000000000000e+00 4.666193201386896749e-01 3.594889274498923037e-01 4.488686164313703819e-01 1.000000000000000000e+00 1.000000000000000000e+00 1.000000000000000000e+00 9.220452698481763631e-01 1.000000000000000000e+00 8.311683852886699864e-01 1.000000000000000000e+00 7.445315120090626460e-01 1.050618248224475942e-01 1.000000000000000000e+00 1.000000000000000000e+00
7.113664650045778970e-01 7.113664650045778970e-01 7.113664650045778970e-01 7.113664650045778970e-01 1.000000000000000000e+00 5.186333068634831900e-01 7.113664650045778970e-01 4.438249220446559007e-01 7.113664650045778970e-01 6.776105029585979267e-01 5.989926693571846483e-01 7.033602615881671127e-01 7.113664650045778970e-01 6.776105029585979267e-01 7.113664650045778970e-01 7.113664650045778970e-01 7.113664650045778970e-01 6.776105029585979267e-01 7.113664650045778970e-01 6.246214382969059731e-01 5.753750098622130160e-01 7.113664650045778970e-01 4.432271524991048262e-01 2.648416532769438114e-01 7.596858777184303246e-01 7.113664650045778970e-01 7.113664650045778970e-01 7.113664650045778970e-01 7.976408127395857584e-01 7.113664650045778970e-01 6.058925841122708711e-01 7.113664650045778970e-01 6.506024824474532231e-01 1.154339311498548959e-01 7.113664650045778970e-01 7.113664650045778970e-01
6.419304707385264930e-01 6.419304707385264930e-01 6.419304707385264930e-01 6.419304707385264930e-01 5.186333068634831900e-01 1.000000000000000000e+00 6.419304707385264930e-01 3.857987065660979931e-01 6.419304707385264930e-01 6.057652684428889156e-01 5.460708000656089300e-01 6.315150270724581016e-01 6.419304707385264930e-01 6.057652684428889156e-01 6.419304707385264930e-01 6.419304707385264930e-01 6.419304707385264930e-01 6.057652684428889156e-01 6.419304707385264930e-01 5.434825499376569891e-01 3.728119237933563146e-01 6.419304707385264930e-01 2.649033169044622826e-01 3.803346971969249757e-01 2.977895480045181786e-01 6.419304707385264930e-01 6.419304707385264930e-01 6.419304707385264930e-01 6.315150270724581016e-01 6.419304707385264930e-01 5.629801958232802939e-01 6.419304707385264930e-01 5.914982460123980879e-01 5.455355256043878942e-01 6.419304707385264930e-01 6.419304707385264930e-01
1.000000000000000000e+00 1.000000000000000000e+00 1.000000000000000000e+00 1.000000000000000000e+00 7.113664650045778970e-01 6.419304707385264930e-01 1.000000000000000000e+00 5.631973037546726957e-01 1.000000000000000000e+00 9.059931642485096193e-01 7.100488845501461421e-01 9.585750885301960178e-01 1.000000000000000000e+00 9.059931642485096193e-01 1.000000000000000000e+00 1.000000000000000000e+00 1.000000000000000000e+00 9.059931642485096193e-01 1.000000000000000000e+00 7.655174806233215890e-01 5.655450819344511881e-01 1.000000000000000000e+00 4.666193201386896749e-01 3.594889274498923037e-01 4.488686164313703819e-01 1.000000000000000000e+00 1.000000000000000000e+00 1.000000000000000000e+00 9.220452698481763631e-01 1.000000000000000000e+00 8.311683852886699864e-01 1.000000000000000000e+00 7.445315120090626460e-01 1.050618248224475942e-01 1.000000000000000000e+00 1.000000000000000000e+00
5.631973037546726957e-01 5.631973037546726957e-01 5.631973037546726957e-01 5.631973037546726957e-01 4.438249220446559007e-01 3.857987065660979931e-01 5.631973037546726957e-01 1.000000000000000000e+00 5.631973037546726957e-01 6.397781746670436753e-01 8.390120793414438394e-01 6.208489680699098567e-01 5.631973037546726957e-01 6.397781746670436753e-01 5.631973037546726957e-01 5.631973037546726957e-01 5.631973037546726957e-01 6.397781746670436753e-01 5.631973037546726957e-01 7.938688014529102777e-01 3.340926051848335243e-01 5.631973037546726957e-01 7.770529122202771699e-01 3.238469315703165763e-01 2.761901722297067097e-01 5.631973037546726957e-01 5.631973037546726957e-01 5.631973037546726957e-01 6.175878616815402289e-01 5.631973037546726957e-01 6.465699113556506727e-01 5.631973037546726957e-01 5.094446279767259611e-01 3.638964102827096925e-01 5.631973037546726957e-01 5.631973037546726957e-01
1.000000000000000000e+00 1.000000000000000000e+00 1.000000000000000000e+00 1.000000000000000000e+00 7.113664650045778970e-01 6.419304707385264930e-01 1.000000000000000000e+00 5.631973037546726957e-01 1.000000000000000000e+00 9.059931642485096193e-01 7.100488845501461421e-01 9.585750885301960178e-01 1.000000000000000000e+00 9.059931642485096193e-01 1.000000000000000000e+00 1.000000000000000000e+00 1.000000000000000000e+00 9.059931642485096193e-01 1.000000000000000000e+00 7.655174806233215890e-01 5.655450819344511881e-01 1.000000000000000000e+00 4.666193201386896749e-01 3.594889274498923037e-01 4.488686164313703819e-01 1.000000000000000000e+00 1.000000000000000000e+00 1.000000000000000000e+00 9.220452698481763631e-01 1.000000000000000000e+00 8.311683852886699864e-01 1.000000000000000000e+00 7.445315120090626460e-01 1.050618248224475942e-01 1.000000000000000000e+00 1.000000000000000000e+00
9.059931642485096193e-01 9.059931642485096193e-01 9.059931642485096193e-01 9.059931642485096193e-01 6.776105029585979267e-01 6.057652684428889156e-01 9.059931642485096193e-01 6.397781746670436753e-01 9.059931642485096193e-01 1.000000000000000000e+00 6.758068156185013109e-01 9.674445157046953625e-01 9.059931642485096193e-01 9.714188500914101576e-01 9.059931642485096193e-01 9.059931642485096193e-01 9.059931642485096193e-01 1.000000000000000000e+00 9.059931642485096193e-01 7.217337962442158528e-01 5.311745247928564284e-01 9.059931642485096193e-01 5.459223739576020140e-01 4.543623567493165760e-01 4.199021918201790160e-01 9.059931642485096193e-01 9.059931642485096193e-01 9.059931642485096193e-01 9.674445157046953625e-01 9.059931642485096193e-01 9.766107372094952055e-01 9.059931642485096193e-01 7.180760694335331928e-01 9.827310618685239363e-02 9.059931642485096193e-01 9.059931642485096193e-01
7.100488845501461421e-01 7.100488845501461421e-01 7.100488845501461421e-01 7.100488845501461421e-01 5.989926693571846483e-01 5.460708000656089300e-01 7.100488845501461421e-01 8.390120793414438394e-01 7.100488845501461421e-01 6.758068156185013109e-01 1.000000000000000000e+00 7.015565742480707190e-01 7.100488845501461421e-01 6.758068156185013109e-01 7.100488845501461421e-01 7.100488845501461421e-01 7.100488845501461421e-01 6.758068156185013109e-01 7.100488845501461421e-01 9.667742586049775655e-01 4.193190189311027938e-01 7.100488845501461421e-01 6.401760960196676287e-01 2.328782118338051932e-01 3.360834342897326965e-01 7.100488845501461421e-01 7.100488845501461421e-01 7.100488845501461421e-01 7.015565742480706080e-01 7.100488845501461421e-01 6.330217429988928002e-01 7.100488845501461421e-01 6.654313215747222898e-01 3.617216726590546938e-01 7.100488845501461421e-01 7.100488845501461421e-01
9.585750885301960178e-01 9.585750885301960178e-01 9.585750885301960178e-01 9.585750885301960178e-01 7.033602615881671127e-01 6.315150270724581016e-01 9.585750885301960178e-01 6.208489680699098567e-01 9.585750885301960178e-01 9.674445157046953625e-01 7.015565742480707190e-01 1.000000000000000000e+00 9.585750885301960178e-01 9.674445157046953625e-01 9.585750885301960178e-01 9.585750885301960178e-01 9.585750885301960178e-01 9.674445157046953625e-01 9.585750885301960178e-01 7.545674241299800133e-01 5.569242834224257255e-01 9.585750885301960178e-01 5.258959339712203640e-01 3.961351326156631880e-01 4.408182832124321049e-01 9.585750885301960178e-01 9.585750885301960178e-01 9.585750885301960178e-01 9.634701813179805674e-01 9.585750885301960178e-01 9.115489433419894372e-01 9.585750885301960178e-01 7.389921608257862262e-01 9.928391540451010633e-02 9.585750885301960178e-01 9.585750885301960178e-01
1.000000000000000000e+00 1.000000000000000000e+00 1.000000000000000000e+00 1.000000000000000000e+00 7.113664650045778970e-01 6.419304707385264930e-01 1.000000000000000000e+00 5.631973037546726957e-01 1.000000000000000000e+00 9.059931642485096193e-01 7.100488845501461421e-01 9.585750885301960178e-01 1.000000000000000000e+00 9.059931642485096193e-01 1.000000000000000000e+00 1.000000000000000000e+00 1.000000000000000000e+00 9.059931642485096193e-01 1.000000000000000000e+00 7.655174806233215890e-01 5.655450819344511881e-01 1.000000000000000000e+00 4.666193201386896749e-01 3.594889274498923037e-01 4.488686164313703819e-01 1.000000000000000000e+00 1.000000000000000000e+00 1.000000000000000000e+00 9.220452698481763631e-01 1.000000000000000000e+00 8.311683852886699864e-01 1.000000000000000000e+00 7.445315120090626460e-01 1.050618248224475942e-01 1.000000000000000000e+00 1.000000000000000000e+00
9.059931642485096193e-01 9.059931642485096193e-01 9.059931642485096193e-01 9.059931642485096193e-01 6.776105029585979267e-01 6.057652684428889156e-01 9.059931642485096193e-01 6.397781746670436753e-01 9.059931642485096193e-01 9.714188500914101576e-01 6.758068156185013109e-01 9.674445157046953625e-01 9.059931642485096193e-01 1.000000000000000000e+00 9.059931642485096193e-01 9.059931642485096193e-01 9.059931642485096193e-01 9.714188500914101576e-01 9.059931642485096193e-01 7.217337962442158528e-01 5.311745247928564284e-01 9.059931642485096193e-01 5.459223739576020140e-01 4.150643392127968956e-01 4.199021918201790160e-01 9.059931642485096193e-01 9.059931642485096193e-01 9.059931642485096193e-01 9.674445157046953625e-01 9.059931642485096193e-01 9.281464981681756266e-01 9.059931642485096193e-01 7.180760694335331928e-01 9.827310618685239363e-02 9.059931642485096193e-01 9.059931642485096193e-01
1.000000000000000000e+00 1.000000000000000000e+00 1.000000000000000000e+00 1.000000000000000000e+00 7.113664650045778970e-01 6.419304707385264930e-01 1.000000000000000000e+00 5.631973037546726957e-01 1.000000000000000000e+00 9.059931642485096193e-01 7.100488845501461421e-01 9.585750885301960178e-01 1.000000000000000000e+00 9.059931642485096193e-01 1.000000000000000000e+00 1.000000000000000000e+00 1.000000000000000000e+00 9.059931642485096193e-01 1.000000000000000000e+00 7.655174806233215890e-01 5.655450819344511881e-01 1.000000000000000000e+00 4.666193201386896749e-01 3.594889274498923037e-01 4.488686164313703819e-01 1.000000000000000000e+00 1.000000000000000000e+00 1.000000000000000000e+00 9.220452698481763631e-01 1.000000000000000000e+00 8.311683852886699864e-01 1.000000000000000000e+00 7.445315120090626460e-01 1.050618248224475942e-01 1.000000000000000000e+00 1.000000000000000000e+00
1.000000000000000000e+00 1.000000000000000000e+00 1.000000000000000000e+00 1.000000000000000000e+00 7.113664650045778970e-01 6.419304707385264930e-01 1.000000000000000000e+00 5.631973037546726957e-01 1.000000000000000000e+00 9.059931642485096193e-01 7.100488845501461421e-01 9.585750885301960178e-01 1.000000000000000000e+00 9.059931642485096193e-01 1.000000000000000000e+00 1.000000000000000000e+00 1.000000000000000000e+00 9.059931642485096193e-01 1.000000000000000000e+00 7.655174806233215890e-01 5.655450819344511881e-01 1.000000000000000000e+00 4.666193201386896749e-01 3.594889274498923037e-01 4.488686164313703819e-01 1.000000000000000000e+00 1.000000000000000000e+00 1.000000000000000000e+00 9.220452698481763631e-01 1.000000000000000000e+00 8.311683852886699864e-01 1.000000000000000000e+00 7.445315120090626460e-01 1.050618248224475942e-01 1.000000000000000000e+00 1.000000000000000000e+00
1.000000000000000000e+00 1.000000000000000000e+00 1.000000000000000000e+00 1.000000000000000000e+00 7.113664650045778970e-01 6.419304707385264930e-01 1.000000000000000000e+00 5.631973037546726957e-01 1.000000000000000000e+00 9.059931642485096193e-01 7.100488845501461421e-01 9.585750885301960178e-01 1.000000000000000000e+00 9.059931642485096193e-01 1.000000000000000000e+00 1.000000000000000000e+00 1.000000000000000000e+00 9.059931642485096193e-01 1.000000000000000000e+00 7.655174806233215890e-01 5.655450819344511881e-01 1.000000000000000000e+00 4.666193201386896749e-01 3.594889274498923037e-01 4.488686164313703819e-01 1.000000000000000000e+00 1.000000000000000000e+00 1.000000000000000000e+00 9.220452698481763631e-01 1.000000000000000000e+00 8.311683852886699864e-01 1.000000000000000000e+00 7.445315120090626460e-01 1.050618248224475942e-01 1.000000000000000000e+00 1.000000000000000000e+00
9.059931642485096193e-01 9.059931642485096193e-01 9.059931642485096193e-01 9.059931642485096193e-01 6.776105029585979267e-01 6.057652684428889156e-01 9.059931642485096193e-01 6.397781746670436753e-01 9.059931642485096193e-01 1.000000000000000000e+00 6.758068156185013109e-01 9.674445157046953625e-01 9.059931642485096193e-01 9.714188500914101576e-01 9.059931642485096193e-01 9.059931642485096193e-01 9.059931642485096193e-01 1.000000000000000000e+00 9.059931642485096193e-01 7.217337962442158528e-01 5.311745247928564284e-01 9.059931642485096193e-01 5.459223739576020140e-01 4.543623567493165760e-01 4.199021918201790160e-01 9.059931642485096193e-01 9.059931642485096193e-01 9.059931642485096193e-01 9.674445157046953625e-01 9.059931642485096193e-01 9.766107372094952055e-01 9.059931642485096193e-01 7.180760694335331928e-01 9.827310618685239363e-02 9.059931642485096193e-01 9.059931642485096193e-01
1.000000000000000000e+00 1.000000000000000000e+00 1.000000000000000000e+00 1.000000000000000000e+00 7.113664650045778970e-01 6.419304707385264930e-01 1.000000000000000000e+00 5.631973037546726957e-01 1.000000000000000000e+00 9.059931642485096193e-01 7.100488845501461421e-01 9.585750885301960178e-01 1.000000000000000000e+00 9.059931642485096193e-01 1.000000000000000000e+00 1.000000000000000000e+00 1.000000000000000000e+00 9.059931642485096193e-01 1.000000000000000000e+00 7.655174806233215890e-01 5.655450819344511881e-01 1.000000000000000000e+00 4.666193201386896749e-01 3.594889274498923037e-01 4.488686164313703819e-01 1.000000000000000000e+00 1.000000000000000000e+00 1.000000000000000000e+00 9.220452698481763631e-01 1.000000000000000000e+00 8.311683852886699864e-01 1.000000000000000000e+00 7.445315120090626460e-01 1.050618248224475942e-01 1.000000000000000000e+00 1.000000000000000000e+00
7.655174806233215890e-01 7.655174806233215890e-01 7.655174806233215890e-01 7.655174806233215890e-01 6.246214382969059731e-01 5.434825499376569891e-01 7.655174806233215890e-01 7.938688014529102777e-01 7.655174806233215890e-01 7.217337962442158528e-01 9.667742586049775655e-01 7.545674241299800133e-01 7.655174806233215890e-01 7.217337962442158528e-01 7.655174806233215890e-01 7.655174806233215890e-01 7.655174806233215890e-01 7.217337962442158528e-01 7.655174806233215890e-01 1.000000000000000000e+00 4.776520409536781919e-01 7.655174806233215890e-01 6.699906680316195517e-01 2.519661607099463185e-01 3.754659704937299836e-01 7.655174806233215890e-01 7.655174806233215890e-01 7.655174806233215890e-01 7.545674241299800133e-01 7.655174806233215890e-01 6.468309984931555068e-01 7.655174806233215890e-01 6.495040238482536754e-01 3.645110053783244819e-01 7.655174806233215890e-01 7.655174806233215890e-01
5.655450819344511881e-01 5.655450819344511881e-01 5.655450819344511881e-01 5.655450819344511881e-01 5.753750098622130160e-01 3.728119237933563146e-01 5.655450819344511881e-01 3.340926051848335243e-01 5.655450819344511881e-01 5.311745247928564284e-01 4.193190189311027938e-01 5.569242834224257255e-01 5.655450819344511881e-01 5.311745247928564284e-01 5.655450819344511881e-01 5.655450819344511881e-01 5.655450819344511881e-01 5.311745247928564284e-01 5.655450819344511881e-01 4.776520409536781919e-01 1.000000000000000000e+00 5.655450819344511881e-01 4.635375570226747954e-01 2.345834241105435869e-01 4.511111113163948083e-01 5.655450819344511881e-01 5.655450819344511881e-01 5.655450819344511881e-01 5.569242834224257255e-01 5.655450819344511881e-01 4.594566059465293728e-01 5.655450819344511881e-01 4.157213548367070244e-01 1.294928969988990985e-01 5.655450819344511881e-01 5.655450819344511881e-01
1.000000000000000000e+00 1.000000000000000000e+00 1.000000000000000000e+00 1.000000000000000000e+00 7.113664650045778970e-01 6.419304707385264930e-01 1.000000000000000000e+00 5.631973037546726957e-01 1.000000000000000000e+00 9.059931642485096193e-01 7.100488845501461421e-01 9.585750885301960178e-01 1.000000000000000000e+00 9.059931642485096193e-01 1.000000000000000000e+00 1.000000000000000000e+00 1.000000000000000000e+00 9.059931642485096193e-01 1.000000000000000000e+00 7.655174806233215890e-01 5.655450819344511881e-01 1.000000000000000000e+00 4.666193201386896749e-01 3.594889274498923037e-01 4.488686164313703819e-01 1.000000000000000000e+00 1.000000000000000000e+00 1.000000000000000000e+00 9.220452698481763631e-01 1.000000000000000000e+00 8.311683852886699864e-01 1.000000000000000000e+00 7.445315120090626460e-01 1.050618248224475942e-01 1.000000000000000000e+00 1.000000000000000000e+00
4.666193201386896749e-01 4.666193201386896749e-01 4.666193201386896749e-01 4.666193201386896749e-01 4.432271524991048262e-01 2.649033169044622826e-01 4.666193201386896749e-01 7.770529122202771699e-01 4.666193201386896749e-01 5.459223739576020140e-01 6.401760960196676287e-01 5.258959339712203640e-01 4.666193201386896749e-01 5.459223739576020140e-01 4.666193201386896749e-01 4.666193201386896749e-01 4.666193201386896749e-01 5.459223739576020140e-01 4.666193201386896749e-01 6.699906680316195517e-01 4.635375570226747954e-01 4.666193201386896749e-01 1.000000000000000000e+00 3.374458580704255972e-01 3.584363758263273136e-01 4.666193201386896749e-01 4.666193201386896749e-01 4.666193201386896749e-01 5.091144116851229473e-01 4.666193201386896749e-01 5.648515805547357216e-01 4.666193201386896749e-01 2.834659806077451938e-01 3.773283131001661794e-01 4.666193201386896749e-01 4.666193201386896749e-01
3.594889274498923037e-01 3.594889274498923037e-01 3.594889274498923037e-01 3.594889274498923037e-01 2.648416532769438114e-01 3.803346971969249757e-01 3.594889274498923037e-01 3.238469315703165763e-01 3.594889274498923037e-01 4.543623567493165760e-01 2.328782118338051932e-01 3.961351326156631880e-01 3.594889274498923037e-01 4.150643392127968956e-01 3.594889274498923037e-01 3.594889274498923037e-01 3.594889274498923037e-01 4.543623567493165760e-01 3.594889274498923037e-01 2.519661607099463185e-01 2.345834241105435869e-01 3.594889274498923037e-01 3.374458580704255972e-01 1.000000000000000000e+00 1.972083391879538017e-01 3.594889274498923037e-01 3.594889274498923037e-01 3.594889274498923037e-01 3.834338933849711917e-01 3.594889274498923037e-01 5.003365405265953747e-01 3.594889274498923037e-01 2.331165749920948993e-01 3.145708674281212924e-01 3.594889274498923037e-01 3.594889274498923037e-01
4.488686164313703819e-01 4.488686164313703819e-01 4.488686164313703819e-01 4.488686164313703819e-01 7.596858777184303246e-01 2.977895480045181786e-01 4.488686164313703819e-01 2.761901722297067097e-01 4.488686164313703819e-01 4.199021918201790160e-01 3.360834342897326965e-01 4.408182832124321049e-01 4.488686164313703819e-01 4.199021918201790160e-01 4.488686164313703819e-01 4.488686164313703819e-01 4.488686164313703819e-01 4.199021918201790160e-01 4.488686164313703819e-01 3.754659704937299836e-01 4.511111113163948083e-01 4.488686164313703819e-01 3.584363758263273136e-01 1.972083391879538017e-01 1.000000000000000000e+00 4.488686164313703819e-01 4.488686164313703819e-01 4.488686164313703819e-01 5.169376780712425790e-01 4.488686164313703819e-01 3.698335608937746155e-01 4.488686164313703819e-01 3.390066576900778172e-01 1.164254353357560001e-01 4.488686164313703819e-01 4.488686164313703819e-01
1.000000000000000000e+00 1.000000000000000000e+00 1.000000000000000000e+00 1.000000000000000000e+00 7.113664650045778970e-01 6.419304707385264930e-01 1.000000000000000000e+00 5.631973037546726957e-01 1.000000000000000000e+00 9.059931642485096193e-01 7.100488845501461421e-01 9.585750885301960178e-01 1.000000000000000000e+00 9.059931642485096193e-01 1.000000000000000000e+00 1.000000000000000000e+00 1.000000000000000000e+00 9.059931642485096193e-01 1.000000000000000000e+00 7.655174806233215890e-01 5.655450819344511881e-01 1.000000000000000000e+00 4.666193201386896749e-01 3.594889274498923037e-01 4.488686164313703819e-01 1.000000000000000000e+00 1.000000000000000000e+00 1.000000000000000000e+00 9.220452698481763631e-01 1.000000000000000000e+00 8.311683852886699864e-01 1.000000000000000000e+00 7.445315120090626460e-01 1.050618248224475942e-01 1.000000000000000000e+00 1.000000000000000000e+00
1.000000000000000000e+00 1.000000000000000000e+00 1.000000000000000000e+00 1.000000000000000000e+00 7.113664650045778970e-01 6.419304707385264930e-01 1.000000000000000000e+00 5.631973037546726957e-01 1.000000000000000000e+00 9.059931642485096193e-01 7.100488845501461421e-01 9.585750885301960178e-01 1.000000000000000000e+00 9.059931642485096193e-01 1.000000000000000000e+00 1.000000000000000000e+00 1.000000000000000000e+00 9.059931642485096193e-01 1.000000000000000000e+00 7.655174806233215890e-01 5.655450819344511881e-01 1.000000000000000000e+00 4.666193201386896749e-01 3.594889274498923037e-01 4.488686164313703819e-01 1.000000000000000000e+00 1.000000000000000000e+00 1.000000000000000000e+00 9.220452698481763631e-01 1.000000000000000000e+00 8.311683852886699864e-01 1.000000000000000000e+00 7.445315120090626460e-01 1.050618248224475942e-01 1.000000000000000000e+00 1.000000000000000000e+00
1.000000000000000000e+00 1.000000000000000000e+00 1.000000000000000000e+00 1.000000000000000000e+00 7.113664650045778970e-01 6.419304707385264930e-01 1.000000000000000000e+00 5.631973037546726957e-01 1.000000000000000000e+00 9.059931642485096193e-01 7.100488845501461421e-01 9.585750885301960178e-01 1.000000000000000000e+00 9.059931642485096193e-01 1.000000000000000000e+00 1.000000000000000000e+00 1.000000000000000000e+00 9.059931642485096193e-01 1.000000000000000000e+00 7.655174806233215890e-01 5.655450819344511881e-01 1.000000000000000000e+00 4.666193201386896749e-01 3.594889274498923037e-01 4.488686164313703819e-01 1.000000000000000000e+00 1.000000000000000000e+00 1.000000000000000000e+00 9.220452698481763631e-01 1.000000000000000000e+00 8.311683852886699864e-01 1.000000000000000000e+00 7.445315120090626460e-01 1.050618248224475942e-01 1.000000000000000000e+00 1.000000000000000000e+00
9.220452698481763631e-01 9.220452698481763631e-01 9.220452698481763631e-01 9.220452698481763631e-01 7.976408127395857584e-01 6.315150270724581016e-01 9.220452698481763631e-01 6.175878616815402289e-01 9.220452698481763631e-01 9.674445157046953625e-01 7.015565742480706080e-01 9.634701813179805674e-01 9.220452698481763631e-01 9.674445157046953625e-01 9.220452698481763631e-01 9.220452698481763631e-01 9.220452698481763631e-01 9.674445157046953625e-01 9.220452698481763631e-01 7.545674241299800133e-01 5.569242834224257255e-01 9.220452698481763631e-01 5.091144116851229473e-01 3.834338933849711917e-01 5.169376780712425790e-01 9.220452698481763631e-01 9.220452698481763631e-01 9.220452698481763631e-01 1.000000000000000000e+00 9.220452698481763631e-01 9.115489433419894372e-01 9.220452698481763631e-01 7.389921608257862262e-01 9.742879081785719986e-02 9.220452698481763631e-01 9.220452698481763631e-01
1.000000000000000000e+00 1.000000000000000000e+00 1.000000000000000000e+00 1.000000000000000000e+00 7.113664650045778970e-01 6.419304707385264930e-01 1.000000000000000000e+00 5.631973037546726957e-01 1.000000000000000000e+00 9.059931642485096193e-01 7.100488845501461421e-01 9.585750885301960178e-01 1.000000000000000000e+00 9.059931642485096193e-01 1.000000000000000000e+00 1.000000000000000000e+00 1.000000000000000000e+00 9.059931642485096193e-01 1.000000000000000000e+00 7.655174806233215890e-01 5.655450819344511881e-01 1.000000000000000000e+00 4.666193201386896749e-01 3.594889274498923037e-01 4.488686164313703819e-01 1.000000000000000000e+00 1.000000000000000000e+00 1.000000000000000000e+00 9.220452698481763631e-01 1.000000000000000000e+00 8.311683852886699864e-01 1.000000000000000000e+00 7.445315120090626460e-01 1.050618248224475942e-01 1.000000000000000000e+00 1.000000000000000000e+00
8.311683852886699864e-01 8.311683852886699864e-01 8.311683852886699864e-01 8.311683852886699864e-01 6.058925841122708711e-01 5.629801958232802939e-01 8.311683852886699864e-01 6.465699113556506727e-01 8.311683852886699864e-01 9.766107372094952055e-01 6.330217429988928002e-01 9.115489433419894372e-01 8.311683852886699864e-01 9.281464981681756266e-01 8.311683852886699864e-01 8.311683852886699864e-01 8.311683852886699864e-01 9.766107372094952055e-01 8.311683852886699864e-01 6.468309984931555068e-01 4.594566059465293728e-01 8.311683852886699864e-01 5.648515805547357216e-01 5.003365405265953747e-01 3.698335608937746155e-01 8.311683852886699864e-01 8.311683852886699864e-01 8.311683852886699864e-01 9.115489433419894372e-01 8.311683852886699864e-01 1.000000000000000000e+00 8.311683852886699864e-01 6.843170642943756654e-01 9.742879081785719986e-02 8.311683852886699864e-01 8.311683852886699864e-01
1.000000000000000000e+00 1.000000000000000000e+00 1.000000000000000000e+00 1.000000000000000000e+00 7.113664650045778970e-01 6.419304707385264930e-01 1.000000000000000000e+00 5.631973037546726957e-01 1.000000000000000000e+00 9.059931642485096193e-01 7.100488845501461421e-01 9.585750885301960178e-01 1.000000000000000000e+00 9.059931642485096193e-01 1.000000000000000000e+00 1.000000000000000000e+00 1.000000000000000000e+00 9.059931642485096193e-01 1.000000000000000000e+00 7.655174806233215890e-01 5.655450819344511881e-01 1.000000000000000000e+00 4.666193201386896749e-01 3.594889274498923037e-01 4.488686164313703819e-01 1.000000000000000000e+00 1.000000000000000000e+00 1.000000000000000000e+00 9.220452698481763631e-01 1.000000000000000000e+00 8.311683852886699864e-01 1.000000000000000000e+00 7.445315120090626460e-01 1.050618248224475942e-01 1.000000000000000000e+00 1.000000000000000000e+00
7.445315120090626460e-01 7.445315120090626460e-01 7.445315120090626460e-01 7.445315120090626460e-01 6.506024824474532231e-01 5.914982460123980879e-01 7.445315120090626460e-01 5.094446279767259611e-01 7.445315120090626460e-01 7.180760694335331928e-01 6.654313215747222898e-01 7.389921608257862262e-01 7.445315120090626460e-01 7.180760694335331928e-01 7.445315120090626460e-01 7.445315120090626460e-01 7.445315120090626460e-01 7.180760694335331928e-01 7.445315120090626460e-01 6.495040238482536754e-01 4.157213548367070244e-01 7.445315120090626460e-01 2.834659806077451938e-01 2.331165749920948993e-01 3.390066576900778172e-01 7.445315120090626460e-01 7.445315120090626460e-01 7.445315120090626460e-01 7.389921608257862262e-01 7.445315120090626460e-01 6.843170642943756654e-01 7.445315120090626460e-01 1.000000000000000000e+00 7.657301215769940494e-02 7.445315120090626460e-01 7.445315120090626460e-01
1.050618248224475942e-01 1.050618248224475942e-01 1.050618248224475942e-01 1.050618248224475942e-01 1.154339311498548959e-01 5.455355256043878942e-01 1.050618248224475942e-01 3.638964102827096925e-01 1.050618248224475942e-01 9.827310618685239363e-02 3.617216726590546938e-01 9.928391540451010633e-02 1.050618248224475942e-01 9.827310618685239363e-02 1.050618248224475942e-01 1.050618248224475942e-01 1.050618248224475942e-01 9.827310618685239363e-02 1.050618248224475942e-01 3.645110053783244819e-01 1.294928969988990985e-01 1.050618248224475942e-01 3.773283131001661794e-01 3.145708674281212924e-01 1.164254353357560001e-01 1.050618248224475942e-01 1.050618248224475942e-01 1.050618248224475942e-01 9.742879081785719986e-02 1.050618248224475942e-01 9.742879081785719986e-02 1.050618248224475942e-01 7.657301215769940494e-02 1.000000000000000000e+00 1.050618248224475942e-01 1.050618248224475942e-01
1.000000000000000000e+00 1.000000000000000000e+00 1.000000000000000000e+00 1.000000000000000000e+00 7.113664650045778970e-01 6.419304707385264930e-01 1.000000000000000000e+00 5.631973037546726957e-01 1.000000000000000000e+00 9.059931642485096193e-01 7.100488845501461421e-01 9.585750885301960178e-01 1.000000000000000000e+00 9.059931642485096193e-01 1.000000000000000000e+00 1.000000000000000000e+00 1.000000000000000000e+00 9.059931642485096193e-01 1.000000000000000000e+00 7.655174806233215890e-01 5.655450819344511881e-01 1.000000000000000000e+00 4.666193201386896749e-01 3.594889274498923037e-01 4.488686164313703819e-01 1.000000000000000000e+00 1.000000000000000000e+00 1.000000000000000000e+00 9.220452698481763631e-01 1.000000000000000000e+00 8.311683852886699864e-01 1.000000000000000000e+00 7.445315120090626460e-01 1.050618248224475942e-01 1.000000000000000000e+00 1.000000000000000000e+00
1.000000000000000000e+00 1.000000000000000000e+00 1.000000000000000000e+00 1.000000000000000000e+00 7.113664650045778970e-01 6.419304707385264930e-01 1.000000000000000000e+00 5.631973037546726957e-01 1.000000000000000000e+00 9.059931642485096193e-01 7.100488845501461421e-01 9.585750885301960178e-01 1.000000000000000000e+00 9.059931642485096193e-01 1.000000000000000000e+00 1.000000000000000000e+00 1.000000000000000000e+00 9.059931642485096193e-01 1.000000000000000000e+00 7.655174806233215890e-01 5.655450819344511881e-01 1.000000000000000000e+00 4.666193201386896749e-01 3.594889274498923037e-01 4.488686164313703819e-01 1.000000000000000000e+00 1.000000000000000000e+00 1.000000000000000000e+00 9.220452698481763631e-01 1.000000000000000000e+00 8.311683852886699864e-01 1.000000000000000000e+00 7.445315120090626460e-01 1.050618248224475942e-01 1.000000000000000000e+00 1.000000000000000000e+00
