1.000000000000000000e+00 7.717039995806698194e-01 7.249053943270313827e-01 7.926018842937159192e-01 6.136632576829270658e-01 3.900821323906595861e-01 4.108511051987737139e-01 6.228706754976029991e-01 6.805636006498195778e-01 6.490712224989164669e-01 5.124809053372851864e-01 4.831675367413528766e-01 5.111196068455148289e-01 7.926018842937159192e-01 7.962817094125476114e-01 6.506318044441575799e-01 8.244072714319670148e-01 5.770908494046309567e-01 5.025733187707497329e-01 5.350568632989175510e-01 4.896908305053624955e-01 4.393931544571298975e-01 8.244072714319670148e-01 4.479248397056252995e-01 3.876363200981802759e-01 4.830985572006674111e-01 5.281991132540052591e-01 8.153179345501797570e-01 6.392639384716304329e-01 8.592404837298983633e-01 8.592404837298983633e-01 4.299447189444600137e-01 5.880534019370932119e-01 4.570208442402767801e-01 7.350590953332911681e-01 3.997088361211800778e-01 4.357813956488099105e-01 5.804647238665925357e-01 4.108511051987737139e-01 6.929322153689713160e-01 3.067443798568558755e-01 6.051179400841585343e-01 7.177908796717350493e-01 7.276633694680623154e-01 6.094349969691752467e-01 6.810392470976234236e-01 5.626440332440418857e-01 4.410899193935193252e-01 5.915256287723498207e-01 5.522697777367292504e-01 5.607760989202262847e-01 6.467022805906481597e-01 4.825363448864929961e-01 5.340509680386482660e-01
7.717039995806698194e-01 1.000000000000000000e+00 6.322311798443169817e-01 6.898361113564484004e-01 5.529412167160958624e-01 3.509572078361254954e-01 6.278764575559879768e-01 5.621486345307717958e-01 5.580546242669988111e-01 5.614710297784394344e-01 4.533190068984944143e-01 6.884194281661135673e-01 4.520129097209231173e-01 6.898361113564484004e-01 8.741760020792337382e-01 5.789930536321054033e-01 7.206306892770415473e-01 5.179841522800391340e-01 7.067161828625767583e-01 7.983253559518398434e-01 6.938336945971895764e-01 3.947842894401645819e-01 7.206306892770415473e-01 6.520677037974523804e-01 3.435667835277657067e-01 4.249474679795343102e-01 7.323419773458322846e-01 7.115965537094532944e-01 7.006005745340762036e-01 7.532891639513179527e-01 7.532891639513179527e-01 3.828209934020613270e-01 5.155151344418469339e-01 5.795298206230974358e-01 6.618050006789997219e-01 6.183495323206337213e-01 6.420989973642919901e-01 5.256170143225683544e-01 6.278764575559879768e-01 6.196781207146797588e-01 2.714446727475501864e-01 5.451117262763724991e-01 6.460969275454839789e-01 8.151998536172910814e-01 5.374891134419021999e-01 5.853447138972001085e-01 5.026378194362559615e-01 5.764813840417272184e-01 5.315194149645638966e-01 4.926567641028317124e-01 6.408135742234967180e-01 5.760191376820549269e-01 6.866792089783200215e-01 6.565599444214689218e-01
7.249053943270313827e-01 6.322311798443169817e-01 1.000000000000000000e+00 6.723684686031285995e-01 5.192018852632260817e-01 5.814207939234289357e-01 5.824631866989491424e-01 5.247743892645786445e-01 4.904231249337610010e-01 5.317264197809745685e-01 3.961361107990937769e-01 3.668227422031615781e-01 5.460689637693367793e-01 6.723684686031285995e-01 6.760482937219602917e-01 4.931998856466158765e-01 6.915505148838874128e-01 4.481227140089473204e-01 3.862285242325583789e-01 4.405954908792165114e-01 4.078527989431537937e-01 4.151105963783581765e-01 6.915505148838874128e-01 3.478382998382495983e-01 3.633537620194087214e-01 3.830120173332917100e-01 4.028658916716449934e-01 6.788262641887765625e-01 4.491234627555719117e-01 7.137603863243264790e-01 7.137603863243264790e-01 4.056621608656885147e-01 4.432448239970437909e-01 3.569343043729010789e-01 5.414757533807945666e-01 5.184655950405615554e-01 3.356948557814342093e-01 5.486050097280174009e-01 3.865685471200021039e-01 5.355002965714297236e-01 2.876093082989715777e-01 4.639856489758080182e-01 5.806121268868874585e-01 6.044488044025253526e-01 4.520030781716334878e-01 5.533089077022685931e-01 4.315992389347687030e-01 4.168073613147477152e-01 4.499341525191740132e-01 6.494327178305892012e-01 4.318079635245427039e-01 5.257817824766163328e-01 3.824498050191174059e-01 4.213410873137802826e-01
7.926018842937159192e-01 6.898361113564484004e-01 6.723684686031285995e-01 1.000000000000000000e+00 5.354860208465583860e-01 5.704882812164231431e-01 5.634248462157833703e-01 5.446934386612343193e-01 5.343378252639103820e-01 8.078182591855185279e-01 4.568708111813620798e-01 4.066788943482390062e-01 4.354550049192373873e-01 1.000000000000000000e+00 7.144138211883261924e-01 5.497216312341526301e-01 9.442276001478540071e-01 4.943685853403811947e-01 6.293820832569849699e-01 4.692415888221422859e-01 6.164995949915977880e-01 3.916432361541045126e-01 9.442276001478540071e-01 3.972479109809678999e-01 3.406094197658546818e-01 7.104154537575126938e-01 4.501341139588191931e-01 7.325956704859299951e-01 4.962237099270340734e-01 7.741870486643641636e-01 7.741870486643641636e-01 4.207297565398623873e-01 5.280093556268004029e-01 4.101264329061563019e-01 6.318177511220017806e-01 3.566161825872186109e-01 3.762299598286030777e-01 5.595547487523229169e-01 5.634248462157833703e-01 5.896908711576819284e-01 2.694814235343883091e-01 5.200645050186242235e-01 6.354412720454181152e-01 8.506692450252623106e-01 5.197035784704439054e-01 6.347093394257001808e-01 4.835282312919941261e-01 3.977716364944433036e-01 5.124098268203021167e-01 4.756688978024327108e-01 5.031107344252208069e-01 8.290362889220115328e-01 6.093451093727282331e-01 6.570568435958480391e-01
6.136632576829270658e-01 5.529412167160958624e-01 5.192018852632260817e-01 5.354860208465583860e-01 1.000000000000000000e+00 4.337981733125718109e-01 4.638026609588372096e-01 7.710167329587106488e-01 6.041565358229683547e-01 4.486021038781465853e-01 4.875369227682084805e-01 5.518266216996489115e-01 4.905248830510230973e-01 5.354860208465583860e-01 6.221436483872107015e-01 6.253323054217252430e-01 5.634430349153241036e-01 6.372538887849253930e-01 5.739313060206927553e-01 5.437089057987052332e-01 5.003971935591924325e-01 4.985002305294085057e-01 5.634430349153241036e-01 4.234157269375117827e-01 4.373386557768372263e-01 4.640120538024415930e-01 4.999858397644496022e-01 5.517932024429950122e-01 5.563169831215244443e-01 5.952484220535751991e-01 5.952484220535751991e-01 6.392798675699071786e-01 5.587328885112261556e-01 4.332327202740900995e-01 6.997131581534418165e-01 4.525245192601106137e-01 4.101281169065765786e-01 6.736022212181584923e-01 6.185190774845787942e-01 9.480563336899767712e-01 4.218427003930709795e-01 5.755742443399431973e-01 7.421577068189837423e-01 5.119284117631689446e-01 5.764121943925382130e-01 4.884515041476872876e-01 5.341479799722510524e-01 4.985912897525391907e-01 5.630295755005589875e-01 5.732557874819912413e-01 5.349365638974529213e-01 6.682748491424688186e-01 5.465903021119893346e-01 5.973890981050993254e-01
3.900821323906595861e-01 3.509572078361254954e-01 5.814207939234289357e-01 5.704882812164231431e-01 4.337981733125718109e-01 1.000000000000000000e+00 6.611635866242890902e-01 4.393451846557204776e-01 4.000557192316920863e-01 7.708928029517445601e-01 3.297542485419107106e-01 2.860632797586166731e-01 4.303914361727352866e-01 5.704882812164231431e-01 3.509572078361254954e-01 3.931131062299973999e-01 5.234207394769472277e-01 3.593706521491176753e-01 4.672493091128667730e-01 4.932469277743590230e-01 4.871052916937546051e-01 3.579750504905717112e-01 5.234207394769472277e-01 4.825206557995141976e-01 3.067575445781727805e-01 5.387797826525393408e-01 3.172696679971329092e-01 3.493970653080851196e-01 3.609307946771579956e-01 3.789881097043620861e-01 3.789881097043620861e-01 3.761417759530030214e-01 3.761417759530030769e-01 4.705609569234872058e-01 4.321906990368509782e-01 4.284987400219731901e-01 2.704732411979141049e-01 5.063903485763954215e-01 4.871052916937546051e-01 4.337981733125718109e-01 2.394845090335881999e-01 3.665204853348913994e-01 4.905646698685101059e-01 4.898428262655619148e-01 3.591008231765279168e-01 6.432154509096972284e-01 3.417087621719386847e-01 3.626481685867308791e-01 3.597233978845579827e-01 5.329296051101901632e-01 5.542126843477758191e-01 6.393320503957882206e-01 4.672493091128667730e-01 4.998164131065944149e-01
4.108511051987737139e-01 6.278764575559879768e-01 5.824631866989491424e-01 5.634248462157833703e-01 4.638026609588372096e-01 6.611635866242890902e-01 1.000000000000000000e+00 4.709571465777067090e-01 4.235526021607919911e-01 4.672493091128667730e-01 3.364981637742391896e-01 6.518878550059177268e-01 4.391674102024145099e-01 5.634248462157833703e-01 6.278764575559879768e-01 4.166789354164384118e-01 5.265377676476268309e-01 3.777592988730529844e-01 8.189708806788320583e-01 6.387603406258930416e-01 8.452835834742584709e-01 3.767096954929092245e-01 5.265377676476268309e-01 6.446147886053830156e-01 3.160967705163807984e-01 5.217427608108671233e-01 6.865664507427235996e-01 3.650578019110348738e-01 6.405779545180062540e-01 3.965421339610346041e-01 3.965421339610346041e-01 3.809665419830953192e-01 3.809665419830953192e-01 5.578692352774179408e-01 4.613780379894282802e-01 7.960084364972024318e-01 6.280441359896282716e-01 5.393576681821582453e-01 8.452835834742584709e-01 4.638026609588372096e-01 2.396325170188751130e-01 3.839121005595536040e-01 5.284182284558275322e-01 7.459719162543574367e-01 3.753834228217484137e-01 3.404920743528325744e-01 3.546738018987170005e-01 6.395008765775271886e-01 3.773488857017677778e-01 5.512855783717975910e-01 3.686223910403723103e-01 6.557272147114718841e-01 8.189708806788320583e-01 7.586734132163756028e-01
6.228706754976029991e-01 5.621486345307717958e-01 5.247743892645786445e-01 5.446934386612343193e-01 7.710167329587106488e-01 4.393451846557204776e-01 4.709571465777067090e-01 1.000000000000000000e+00 6.745362939580191730e-01 4.556529407342864157e-01 5.579166809032594099e-01 5.256629442548816922e-01 4.997323008656989751e-01 5.446934386612343193e-01 6.720005727053423028e-01 7.056434587837776551e-01 5.726504527300000369e-01 7.076336469199762114e-01 4.865952882555504844e-01 6.206954232879733357e-01 6.385560513688354201e-01 5.056547161482780606e-01 5.726504527300000369e-01 4.326231447521877160e-01 4.444931413957067257e-01 4.732194716171175819e-01 6.050348324248687737e-01 5.610006202576709455e-01 6.266967412565751516e-01 6.645868911043115723e-01 6.044558398682511324e-01 6.167822842775052550e-01 5.712649421986863985e-01 5.036124784091409179e-01 7.122452118409021704e-01 4.596790048789801131e-01 4.805078750416273969e-01 7.374726965096207731e-01 5.960214941921768705e-01 8.119162736982004080e-01 4.273897117362197018e-01 5.847816621546191307e-01 8.033300471393586273e-01 5.812668808139053178e-01 5.889442480799985669e-01 4.976589219623632765e-01 5.433553977869269858e-01 5.735248750460009148e-01 6.680785681609779925e-01 5.824632052966672857e-01 5.441439817121288547e-01 7.294471894628438147e-01 5.964472264301210469e-01 7.024380907655183304e-01
6.805636006498195778e-01 5.580546242669988111e-01 4.904231249337610010e-01 5.343378252639103820e-01 6.041565358229683547e-01 4.000557192316920863e-01 4.235526021607919911e-01 6.745362939580191730e-01 1.000000000000000000e+00 4.471526627234562734e-01 4.886652122395874209e-01 4.593518436436551111e-01 4.873039137478171190e-01 5.343378252639103820e-01 5.380176503827420742e-01 6.215421920405987954e-01 6.044926472891702929e-01 6.519540544821980088e-01 4.787576256730519120e-01 5.255501414389589510e-01 5.413564489657787249e-01 4.520946514191481747e-01 6.457303883518881182e-01 4.241091466079274785e-01 5.598244313256195426e-01 4.592828641029695902e-01 5.043834201563075492e-01 5.570538755203742198e-01 8.886294538952828059e-01 6.805636006498195778e-01 6.997383180933240965e-01 4.426462159064782909e-01 5.589637895335344275e-01 4.943774914629538997e-01 7.059694829297323837e-01 4.124103330831982994e-01 4.119657025511120896e-01 5.971983180737406860e-01 4.235526021607919911e-01 6.638426029654125315e-01 3.167179666978883756e-01 5.813022469864608244e-01 7.078594844447332335e-01 5.140139941543914182e-01 5.803453845656163512e-01 4.884605171160044113e-01 5.388283401463440647e-01 6.030795415314074148e-01 5.677099356746521108e-01 6.219802971261123581e-01 5.369604058225285748e-01 6.854111719965607641e-01 4.587206517887951751e-01 5.102352749409504451e-01
6.490712224989164669e-01 5.614710297784394344e-01 5.317264197809745685e-01 8.078182591855185279e-01 4.486021038781465853e-01 7.708928029517445601e-01 4.672493091128667730e-01 4.556529407342864157e-01 4.471526627234562734e-01 1.000000000000000000e+00 3.786194841633825914e-01 3.349285153800886095e-01 3.625560755643986166e-01 8.078182591855185279e-01 5.827401744620721580e-01 4.519158576523295001e-01 7.700764480026323078e-01 4.120146069840305847e-01 5.161145447343387094e-01 5.207523553019520746e-01 5.052849886647579059e-01 3.309645822908143797e-01 7.700764480026323078e-01 5.205563353514053304e-01 2.869015619972850040e-01 5.768154622044305846e-01 3.739568086622034881e-01 5.975565993467613080e-01 4.135747495120709050e-01 6.349695487866368060e-01 6.349695487866369170e-01 3.562857933721153003e-01 4.327732824376149812e-01 5.085966364753783386e-01 5.213108737302053486e-01 2.999576208251271137e-01 3.085089207498051822e-01 4.657535149661506946e-01 4.672493091128668841e-01 4.870539133917551888e-01 2.283904863472906999e-01 4.375207821787137075e-01 5.245433844313275307e-01 6.895270921382949947e-01 4.250580602177295164e-01 8.471598582912287512e-01 4.045292569626398049e-01 3.372451746626943803e-01 4.272400946192094207e-01 3.969759623967430984e-01 6.124036505258374508e-01 6.696508540849736013e-01 4.997379773216091836e-01 5.416308118719266318e-01
5.124809053372851864e-01 4.533190068984944143e-01 3.961361107990937769e-01 4.568708111813620798e-01 4.875369227682084805e-01 3.297542485419107106e-01 3.364981637742391896e-01 5.579166809032594099e-01 4.886652122395874209e-01 3.786194841633825914e-01 1.000000000000000000e+00 4.194685456741574781e-01 5.712805965169883704e-01 4.568708111813620798e-01 4.332820330142376775e-01 4.973305050134023131e-01 4.778224998144138258e-01 5.091524854773880060e-01 4.563549427750324128e-01 4.117985693069602937e-01 3.823001141892704013e-01 3.495352821184478098e-01 4.778224998144138258e-01 3.281868686454966211e-01 2.983177762060488791e-01 5.065721024368102787e-01 5.007146429026754220e-01 4.517588643704539830e-01 4.495402876850533858e-01 5.541971209439937596e-01 4.940660697079333752e-01 4.843344181117291147e-01 5.806150178545286256e-01 3.352145565864632082e-01 5.801424520602966872e-01 3.129813093096118770e-01 5.333122895369133420e-01 4.856178696173285014e-01 3.364981637742391896e-01 5.380155720959767240e-01 2.315695390917272001e-01 4.801785358378634072e-01 6.237067238548622550e-01 4.879990704263593160e-01 4.628360537697894794e-01 3.887419209703507073e-01 4.400277636009590765e-01 5.034937337190006357e-01 5.647509339750100832e-01 4.272524701549443860e-01 4.362924384907445052e-01 5.166292650521260299e-01 3.751456285704009019e-01 5.199308748226010302e-01
4.831675367413528766e-01 6.884194281661135673e-01 3.668227422031615781e-01 4.066788943482390062e-01 5.518266216996489115e-01 2.860632797586166731e-01 6.518878550059177268e-01 5.256629442548816922e-01 4.593518436436551111e-01 3.349285153800886095e-01 4.194685456741574781e-01 1.000000000000000000e+00 3.712321550792394009e-01 4.066788943482390062e-01 6.683824542818569414e-01 4.819540443196060897e-01 4.357742055163564832e-01 4.983757379587303027e-01 7.717446340067108945e-01 6.416059741003345973e-01 6.976898054209488276e-01 3.413997352483724157e-01 4.357742055163564832e-01 6.559238146212116316e-01 6.083065931485398536e-01 3.316239331872982143e-01 8.320396630153346074e-01 4.272099654854085160e-01 6.846407089526725942e-01 5.248837523480615053e-01 4.647527011120011209e-01 3.065298632484297903e-01 4.028104629912291901e-01 5.635699550416937154e-01 5.478887154119189695e-01 6.579907716911062021e-01 7.175128903674302672e-01 4.397472691944844803e-01 6.518878550059177268e-01 5.897732173399568012e-01 6.074464361800206991e-01 4.486653094965705746e-01 5.834561579628707584e-01 7.045098492895667253e-01 4.256466493547307883e-01 3.538961386506059847e-01 4.061914026564539260e-01 5.806768050864941078e-01 5.309145730305049327e-01 5.816259479099827878e-01 4.023960273571300927e-01 4.664373482190030118e-01 6.905353198020792727e-01 7.364416536858082729e-01
5.111196068455148289e-01 4.520129097209231173e-01 5.460689637693367793e-01 4.354550049192373873e-01 4.905248830510230973e-01 4.303914361727352866e-01 4.391674102024145099e-01 4.997323008656989751e-01 4.873039137478171190e-01 3.625560755643986166e-01 5.712805965169883704e-01 3.712321550792394009e-01 1.000000000000000000e+00 4.354550049192373873e-01 4.319759358366663804e-01 6.771233521372470587e-01 4.642563520268639943e-01 6.308506127615192138e-01 3.789170147114596099e-01 4.136810980357291112e-01 3.731890120649419829e-01 5.987034134921285222e-01 4.642563520268639943e-01 3.208262431416578075e-01 3.465658696376078818e-01 4.541575574041377128e-01 4.130316958945061123e-01 4.558819456895059075e-01 4.482341905074820887e-01 4.927047712161630733e-01 4.927047712161630733e-01 4.610028907437196954e-01 5.380810518408916110e-01 3.284905933582188964e-01 5.761708626570032354e-01 5.721371328994591110e-01 3.266751818037967880e-01 4.848071270945024103e-01 3.320897478621769872e-01 5.340439826926834943e-01 2.933212038455730863e-01 4.992470960348223130e-01 5.730720623615039866e-01 4.127417288747087798e-01 5.522671167661109548e-01 3.819833499629287088e-01 5.045925851459406308e-01 4.819575015036562937e-01 5.306735937235560474e-01 5.771354225117207859e-01 4.304832386694528168e-01 5.049875033110415856e-01 3.588800408272028730e-01 4.089630096612678067e-01
7.926018842937159192e-01 6.898361113564484004e-01 6.723684686031285995e-01 1.000000000000000000e+00 5.354860208465583860e-01 5.704882812164231431e-01 5.634248462157833703e-01 5.446934386612343193e-01 5.343378252639103820e-01 8.078182591855185279e-01 4.568708111813620798e-01 4.066788943482390062e-01 4.354550049192373873e-01 1.000000000000000000e+00 7.144138211883261924e-01 5.497216312341526301e-01 9.442276001478540071e-01 4.943685853403811947e-01 6.293820832569849699e-01 4.692415888221422859e-01 6.164995949915977880e-01 3.916432361541045126e-01 9.442276001478540071e-01 3.972479109809678999e-01 3.406094197658546818e-01 7.104154537575126938e-01 4.501341139588191931e-01 7.325956704859299951e-01 4.962237099270340734e-01 7.741870486643641636e-01 7.741870486643641636e-01 4.207297565398623873e-01 5.280093556268004029e-01 4.101264329061563019e-01 6.318177511220017806e-01 3.566161825872186109e-01 3.762299598286030777e-01 5.595547487523229169e-01 5.634248462157833703e-01 5.896908711576819284e-01 2.694814235343883091e-01 5.200645050186242235e-01 6.354412720454181152e-01 8.506692450252623106e-01 5.197035784704439054e-01 6.347093394257001808e-01 4.835282312919941261e-01 3.977716364944433036e-01 5.124098268203021167e-01 4.756688978024327108e-01 5.031107344252208069e-01 8.290362889220115328e-01 6.093451093727282331e-01 6.570568435958480391e-01
7.962817094125476114e-01 8.741760020792337382e-01 6.760482937219602917e-01 7.144138211883261924e-01 6.221436483872107015e-01 3.509572078361254954e-01 6.278764575559879768e-01 6.720005727053423028e-01 5.380176503827420742e-01 5.827401744620721580e-01 4.332820330142376775e-01 6.683824542818569414e-01 4.319759358366663804e-01 7.144138211883261924e-01 1.000000000000000000e+00 5.535785116792577565e-01 7.452083991089195614e-01 5.475465223890304545e-01 6.866792089783200215e-01 6.446833514163510248e-01 6.809512063318023944e-01 3.947842894401645819e-01 7.452083991089195614e-01 6.320307299131957546e-01 3.435667835277657067e-01 4.049104940952775733e-01 7.123050034615756587e-01 7.361742635413313085e-01 6.805636006498195778e-01 7.778668737831958557e-01 7.778668737831958557e-01 4.649059133385631815e-01 4.901005924889993981e-01 5.594928467388406990e-01 6.363904587261520751e-01 6.183495323206337213e-01 6.220620234800353643e-01 5.256170143225682434e-01 7.099613774924898868e-01 6.763484986983341329e-01 3.210440167407981882e-01 5.250747523921158733e-01 6.302614941809148164e-01 8.301353719666264563e-01 5.120745714890546640e-01 6.002802322465354834e-01 4.826008455519992246e-01 5.764813840417272184e-01 5.114824410803071597e-01 4.797742758374445859e-01 4.800170840691384000e-01 5.601837043174857644e-01 7.678885231829516433e-01 6.861223145304602422e-01
6.506318044441575799e-01 5.789930536321054033e-01 4.931998856466158765e-01 5.497216312341526301e-01 6.253323054217252430e-01 3.931131062299973999e-01 4.166789354164384118e-01 7.056434587837776551e-01 6.215421920405987954e-01 4.519158576523295001e-01 4.973305050134023131e-01 4.819540443196060897e-01 6.771233521372470587e-01 5.497216312341526301e-01 5.535785116792577565e-01 1.000000000000000000e+00 5.861702359585492239e-01 7.579344054354313354e-01 4.878972798451136073e-01 6.012233576385588307e-01 5.494200547434153759e-01 6.932861769796654361e-01 5.861702359585492239e-01 4.213930826542903740e-01 4.315695245368663113e-01 4.619894095192202954e-01 5.163780311105801157e-01 5.828620896006881935e-01 5.753179831813941547e-01 6.255676970692367611e-01 6.255676970692367611e-01 4.361093032471068942e-01 5.747544607116510385e-01 4.304942488318235783e-01 8.194918753444031534e-01 5.884494030858047342e-01 4.268104170084107141e-01 6.711907537906649512e-01 4.166789354164384118e-01 6.990154432338846480e-01 3.561366373911354910e-01 6.011027733303698772e-01 7.482590862427964673e-01 5.254481949917181316e-01 6.018973239636056238e-01 4.937724362469957939e-01 5.526256721065381239e-01 5.185308367256875606e-01 5.906233982794899529e-01 5.706609977871581751e-01 5.527895496842217815e-01 6.625600020378665800e-01 4.624827378922660159e-01 5.217731245410068830e-01
8.244072714319670148e-01 7.206306892770415473e-01 6.915505148838874128e-01 9.442276001478540071e-01 5.634430349153241036e-01 5.234207394769472277e-01 5.265377676476268309e-01 5.726504527300000369e-01 6.044926472891702929e-01 7.700764480026323078e-01 4.778224998144138258e-01 4.357742055163564832e-01 4.642563520268639943e-01 9.442276001478540071e-01 7.452083991089195614e-01 5.861702359585492239e-01 1.000000000000000000e+00 5.920237250288435948e-01 6.033245607584092340e-01 4.931599685135699129e-01 5.904420724930219411e-01 4.073390398351993125e-01 9.587622589372821746e-01 4.160859804195731204e-01 3.561215339228003818e-01 6.479418621846595450e-01 4.796967546960750894e-01 7.636852304651358114e-01 5.653677227346363132e-01 8.443418706896241854e-01 8.635165881331285931e-01 4.210465067037137965e-01 5.483630796749086045e-01 4.277520098909404767e-01 6.689821830054435425e-01 3.707850670263633797e-01 3.985045185861604833e-01 5.516481232631202936e-01 5.265377676476268309e-01 6.268553030411236904e-01 2.825790722586252190e-01 5.518698921568752080e-01 6.606170984706857263e-01 8.258436597100238252e-01 5.521579529050797408e-01 6.519417821958152226e-01 5.133058629394489092e-01 4.120121579313584803e-01 5.421874584677568443e-01 5.031585823020601200e-01 5.241915502648210046e-01 7.824713068845414732e-01 5.832875868741524972e-01 6.322312582806095538e-01
5.770908494046309567e-01 5.179841522800391340e-01 4.481227140089473204e-01 4.943685853403811947e-01 6.372538887849253930e-01 3.593706521491176753e-01 3.777592988730529844e-01 7.076336469199762114e-01 6.519540544821980088e-01 4.120146069840305847e-01 5.091524854773880060e-01 4.983757379587303027e-01 6.308506127615192138e-01 4.943685853403811947e-01 5.475465223890304545e-01 7.579344054354313354e-01 5.920237250288435948e-01 1.000000000000000000e+00 4.401188080041826267e-01 4.783251838331296080e-01 4.343908053576648887e-01 6.478152570076819439e-01 6.241370434948516621e-01 3.854703289390581933e-01 3.956777131531613034e-01 4.193136241794404029e-01 5.615861773331813911e-01 5.218531882486219242e-01 6.128843312418628120e-01 7.174859631866042919e-01 6.856540519907579068e-01 4.762769880459215011e-01 5.105096417364758388e-01 3.931346791556192821e-01 6.569819159551875121e-01 5.501329687326907969e-01 4.538187646832876898e-01 5.404954839430633484e-01 4.598442188095548944e-01 6.969399559273695699e-01 4.359194686234152960e-01 5.400025848082716795e-01 6.990811097879252589e-01 5.340745734034921810e-01 5.321473763245243571e-01 4.466274357603290945e-01 4.975286779681549754e-01 4.065664587497083149e-01 6.222518483422061486e-01 5.121297019979413889e-01 4.951273244668532025e-01 5.800680512329692284e-01 4.696811781131740027e-01 6.672526658886221984e-01
5.025733187707497329e-01 7.067161828625767583e-01 3.862285242325583789e-01 6.293820832569849699e-01 5.739313060206927553e-01 4.672493091128667730e-01 8.189708806788320583e-01 4.865952882555504844e-01 4.787576256730519120e-01 5.161145447343387094e-01 4.563549427750324128e-01 7.717446340067108945e-01 3.789170147114596099e-01 6.293820832569849699e-01 6.866792089783200215e-01 4.878972798451136073e-01 6.033245607584092340e-01 4.401188080041826267e-01 1.000000000000000000e+00 6.690791443150783113e-01 8.647728310938630480e-01 3.408178841092042166e-01 6.033245607584092340e-01 6.904167390204142274e-01 2.897840677209542748e-01 5.675447112258982241e-01 7.540275132969161964e-01 4.438975272176235998e-01 7.029374636491356743e-01 4.841584831413979217e-01 4.841584831413979217e-01 3.546538391876687957e-01 4.509344389304680845e-01 6.036711856924488195e-01 5.699933997329627022e-01 6.639340072166137752e-01 6.738460864046593723e-01 4.790764527421139118e-01 8.189708806788320583e-01 6.118779016610005339e-01 2.253235457811360865e-01 4.673748702104660868e-01 5.650435823128980850e-01 8.119291532955589252e-01 4.561808758387019824e-01 3.971235808374444787e-01 4.288108409930396769e-01 6.060336881632311101e-01 4.576924365213477230e-01 4.175707473967489869e-01 4.381363857903713965e-01 6.891405371277490310e-01 8.576183454749934931e-01 8.081504340821179522e-01
5.350568632989175510e-01 7.983253559518398434e-01 4.405954908792165114e-01 4.692415888221422859e-01 5.437089057987052332e-01 4.932469277743590230e-01 6.387603406258930416e-01 6.206954232879733357e-01 5.255501414389589510e-01 5.207523553019520746e-01 4.117985693069602937e-01 6.416059741003345973e-01 4.136810980357291112e-01 4.692415888221422859e-01 6.446833514163510248e-01 6.012233576385588307e-01 4.931599685135699129e-01 4.783251838331296080e-01 6.690791443150783113e-01 1.000000000000000000e+00 7.431339729008403783e-01 4.077601973447507744e-01 4.931599685135699129e-01 8.329339735876485351e-01 3.469635828440734149e-01 3.977676217780256041e-01 6.855285232800532036e-01 4.749494174277010816e-01 6.609416060871666776e-01 5.166420276695657954e-01 5.166420276695657954e-01 3.942580454291099157e-01 4.684274828961704773e-01 7.017395815010318838e-01 6.066770964225823848e-01 6.241709546063503034e-01 5.979242462493268295e-01 6.218487201300910705e-01 6.387603406258930416e-01 5.812838106654105719e-01 2.655749842393709259e-01 4.982982722105934736e-01 6.320742046503942113e-01 6.227016250874115588e-01 4.846843437886974026e-01 5.463401160814342905e-01 4.568720078429014952e-01 6.559507499503092198e-01 4.857536033712093748e-01 4.809998302160320982e-01 8.216798440136929838e-01 5.622299813512176003e-01 6.561966560496912404e-01 6.260773914928401407e-01
4.896908305053624955e-01 6.938336945971895764e-01 4.078527989431537937e-01 6.164995949915977880e-01 5.003971935591924325e-01 4.871052916937546051e-01 8.452835834742584709e-01 6.385560513688354201e-01 5.413564489657787249e-01 5.052849886647579059e-01 3.823001141892704013e-01 6.976898054209488276e-01 3.731890120649419829e-01 6.164995949915977880e-01 6.809512063318023944e-01 5.494200547434153759e-01 5.904420724930219411e-01 4.343908053576648887e-01 8.647728310938630480e-01 7.431339729008403783e-01 1.000000000000000000e+00 3.767096954929092245e-01 5.904420724930219411e-01 6.775342507550270454e-01 3.160967705163807984e-01 5.546622229605110421e-01 7.411450250315290145e-01 4.310150389522364733e-01 7.583818013229930433e-01 4.712759948760106843e-01 4.712759948760106843e-01 3.809665419830952082e-01 4.350990055658990885e-01 6.519610377474366336e-01 5.541579663683936507e-01 6.926713329814492281e-01 6.609635981392723014e-01 5.936490348853419308e-01 8.452835834742584709e-01 5.287646806112218378e-01 2.396325170188751130e-01 4.544923819450789049e-01 5.858540717157399991e-01 7.990466650301717433e-01 4.403454424741329865e-01 3.842410925720572967e-01 4.159283527276524950e-01 7.072799762521193578e-01 4.448099482559604856e-01 4.381554475456577724e-01 4.252538975249842146e-01 7.489208563389117002e-01 8.518903428284758661e-01 8.024224314356003251e-01
4.393931544571298975e-01 3.947842894401645819e-01 4.151105963783581765e-01 3.916432361541045126e-01 4.985002305294085057e-01 3.579750504905717112e-01 3.767096954929092245e-01 5.056547161482780606e-01 4.520946514191481747e-01 3.309645822908143797e-01 3.495352821184478098e-01 3.413997352483724157e-01 5.987034134921285222e-01 3.916432361541045126e-01 3.947842894401645819e-01 6.932861769796654361e-01 4.073390398351993125e-01 6.478152570076819439e-01 3.408178841092042166e-01 4.077601973447507744e-01 3.767096954929092245e-01 1.000000000000000000e+00 4.073390398351993125e-01 2.997282288712285747e-01 4.010000766736558919e-01 3.403245557361583851e-01 3.546392295590048982e-01 4.005878433930388227e-01 4.074857864021829146e-01 4.250841832193907877e-01 4.250841832193907877e-01 3.948096410689178049e-01 3.948096410689178049e-01 3.081135678897166108e-01 4.960756075599995762e-01 6.732564840292845076e-01 3.141401218383539917e-01 5.697756615450825235e-01 3.767096954929092245e-01 4.985002305294085057e-01 3.329791354026752082e-01 4.115650825284588032e-01 5.665811613025176774e-01 3.666539727526249015e-01 4.021716699925823035e-01 3.502067671475312949e-01 3.794645487173565757e-01 4.100666699685208139e-01 4.021396325204072975e-01 4.722548248759200762e-01 3.838093386319095801e-01 5.070124462094803830e-01 3.408178841092042166e-01 3.793554697146431787e-01
8.244072714319670148e-01 7.206306892770415473e-01 6.915505148838874128e-01 9.442276001478540071e-01 5.634430349153241036e-01 5.234207394769472277e-01 5.265377676476268309e-01 5.726504527300000369e-01 6.457303883518881182e-01 7.700764480026323078e-01 4.778224998144138258e-01 4.357742055163564832e-01 4.642563520268639943e-01 9.442276001478540071e-01 7.452083991089195614e-01 5.861702359585492239e-01 9.587622589372821746e-01 6.241370434948516621e-01 6.033245607584092340e-01 4.931599685135699129e-01 5.904420724930219411e-01 4.073390398351993125e-01 1.000000000000000000e+00 4.160859804195731204e-01 3.561215339228003818e-01 6.479418621846595450e-01 4.796967546960750894e-01 7.636852304651358114e-01 6.066054637973539165e-01 8.855796117523417887e-01 9.047543291958461964e-01 4.210465067037137965e-01 5.483630796749086045e-01 4.277520098909404767e-01 6.689821830054435425e-01 3.707850670263633797e-01 3.985045185861604833e-01 5.516481232631202936e-01 5.265377676476268309e-01 6.268553030411236904e-01 2.825790722586252190e-01 5.518698921568752080e-01 6.606170984706857263e-01 8.258436597100238252e-01 5.521579529050797408e-01 6.519417821958152226e-01 5.133058629394489092e-01 4.120121579313584803e-01 5.421874584677568443e-01 5.031585823020601200e-01 5.241915502648210046e-01 7.824713068845414732e-01 5.832875868741524972e-01 6.322312582806095538e-01
4.479248397056252995e-01 6.520677037974523804e-01 3.478382998382495983e-01 3.972479109809678999e-01 4.234157269375117827e-01 4.825206557995141976e-01 6.446147886053830156e-01 4.326231447521877160e-01 4.241091466079274785e-01 5.205563353514053304e-01 3.281868686454966211e-01 6.559238146212116316e-01 3.208262431416578075e-01 3.972479109809678999e-01 6.320307299131957546e-01 4.213930826542903740e-01 4.160859804195731204e-01 3.854703289390581933e-01 6.904167390204142274e-01 8.329339735876485351e-01 6.775342507550270454e-01 2.997282288712285747e-01 4.160859804195731204e-01 1.000000000000000000e+00 2.486944124829786884e-01 3.257739439368512180e-01 6.993790342317918185e-01 3.892490481524992774e-01 6.482889845840114074e-01 4.295100040762734883e-01 4.295100040762734883e-01 2.976622762319292015e-01 3.685283340218810100e-01 7.802845626827097369e-01 5.034892025421395800e-01 6.228443519786380778e-01 6.137349376048533145e-01 4.267434672751564961e-01 6.446147886053831266e-01 4.613623225778196724e-01 1.907120406002683899e-01 4.127263911453417089e-01 4.995677673860320911e-01 6.246905729567229226e-01 3.831999449873390029e-01 5.300836490692252267e-01 3.713001267776496195e-01 5.620507110034744791e-01 4.001817223059576101e-01 3.635986038933861075e-01 7.477196467699571691e-01 4.444743111642714961e-01 6.703797651361576015e-01 6.209118537432818385e-01
3.876363200981802759e-01 3.435667835277657067e-01 3.633537620194087214e-01 3.406094197658546818e-01 4.373386557768372263e-01 3.067575445781727805e-01 3.160967705163807984e-01 4.444931413957067257e-01 5.598244313256195426e-01 2.869015619972850040e-01 2.983177762060488791e-01 6.083065931485398536e-01 3.465658696376078818e-01 3.406094197658546818e-01 3.435667835277657067e-01 4.315695245368663113e-01 3.561215339228003818e-01 3.956777131531613034e-01 2.897840677209542748e-01 3.469635828440734149e-01 3.160967705163807984e-01 4.010000766736558919e-01 3.561215339228003818e-01 2.486944124829786884e-01 1.000000000000000000e+00 2.892907393479086098e-01 3.036054131707550119e-01 3.498913573425430079e-01 4.528384964475463126e-01 3.733273488604412771e-01 3.733273488604412771e-01 3.338286619954127787e-01 3.338286619954127787e-01 2.568960619773176801e-01 4.349140328074282968e-01 3.437607319118932137e-01 2.651749559922967903e-01 4.956750035971455026e-01 3.160967705163807984e-01 4.373386557768372263e-01 8.499292018968622742e-01 3.601632120432323170e-01 4.922968138304316121e-01 3.154364668402259153e-01 3.408963846650432949e-01 2.986243009832383888e-01 3.280626782321300894e-01 4.618040831161588922e-01 3.507377620351808112e-01 8.094191959384234858e-01 3.322268724676167850e-01 4.329117882615433066e-01 2.897840677209542748e-01 3.281379638022441925e-01
4.830985572006674111e-01 4.249474679795343102e-01 3.830120173332917100e-01 7.104154537575126938e-01 4.640120538024415930e-01 5.387797826525393408e-01 5.217427608108671233e-01 4.732194716171175819e-01 4.592828641029695902e-01 5.768154622044305846e-01 5.065721024368102787e-01 3.316239331872982143e-01 4.541575574041377128e-01 7.104154537575126938e-01 4.049104940952775733e-01 4.619894095192202954e-01 6.479418621846595450e-01 4.193136241794404029e-01 5.675447112258982241e-01 3.977676217780256041e-01 5.546622229605110421e-01 3.403245557361583851e-01 6.479418621846595450e-01 3.257739439368512180e-01 2.892907393479086098e-01 1.000000000000000000e+00 3.766453179579438149e-01 4.230923433928814870e-01 4.211687487660933926e-01 4.646837215713156000e-01 4.646837215713156000e-01 7.136528814981177860e-01 7.845189392880695944e-01 3.860523698964635209e-01 5.927258160399839770e-01 3.052975021692723723e-01 3.021243698537928735e-01 5.118723581060957706e-01 5.217427608108671233e-01 5.019586494427494827e-01 2.245553358406505995e-01 4.484518363623610226e-01 5.573456453435157165e-01 5.989981907782022663e-01 4.338474841001235260e-01 4.418722395320862084e-01 4.119155626357309252e-01 4.190625196373081174e-01 4.407971581640388048e-01 4.653672710786909139e-01 4.316367673811040140e-01 7.576418539408162900e-01 5.475077373416414872e-01 5.952194715647612933e-01
5.281991132540052591e-01 7.323419773458322846e-01 4.028658916716449934e-01 4.501341139588191931e-01 4.999858397644496022e-01 3.172696679971329092e-01 6.865664507427235996e-01 6.050348324248687737e-01 5.043834201563075492e-01 3.739568086622034881e-01 5.007146429026754220e-01 8.320396630153346074e-01 4.130316958945061123e-01 4.501341139588191931e-01 7.123050034615756587e-01 5.163780311105801157e-01 4.796967546960750894e-01 5.615861773331813911e-01 7.540275132969161964e-01 6.855285232800532036e-01 7.411450250315290145e-01 3.546392295590048982e-01 4.796967546960750894e-01 6.993790342317918185e-01 3.036054131707550119e-01 3.766453179579438149e-01 1.000000000000000000e+00 4.695233217008791815e-01 7.285632581323913115e-01 6.148332702850723974e-01 5.097842776246535035e-01 3.436547597318718728e-01 4.545947652903370995e-01 6.074925042214124327e-01 5.984741509984292662e-01 6.777553526664144012e-01 7.862627118620322264e-01 4.791557275807508121e-01 6.865664507427235996e-01 5.563472710341094141e-01 2.382331793231892980e-01 6.904773911482551263e-01 6.587233057951731308e-01 7.784768592793247510e-01 6.762684706361077325e-01 3.985987922952248796e-01 6.766761658760362952e-01 6.169617116912508026e-01 7.796460743899682466e-01 4.401687167203240936e-01 4.470986810017489876e-01 5.157753497714746560e-01 7.339905394126594596e-01 8.150334373908951768e-01
8.153179345501797570e-01 7.115965537094532944e-01 6.788262641887765625e-01 7.325956704859299951e-01 5.517932024429950122e-01 3.493970653080851196e-01 3.650578019110348738e-01 5.610006202576709455e-01 5.570538755203742198e-01 5.975565993467613080e-01 4.517588643704539830e-01 4.272099654854085160e-01 4.558819456895059075e-01 7.325956704859299951e-01 7.361742635413313085e-01 5.828620896006881935e-01 7.636852304651358114e-01 5.218531882486219242e-01 4.438975272176235998e-01 4.749494174277010816e-01 4.310150389522364733e-01 4.005878433930388227e-01 7.636852304651358114e-01 3.892490481524992774e-01 3.498913573425430079e-01 4.230923433928814870e-01 4.695233217008791815e-01 1.000000000000000000e+00 5.179841522800391340e-01 7.969030989208278903e-01 7.969030989208278903e-01 3.814905711474014804e-01 5.141847121871870874e-01 3.969133983690603107e-01 7.092972730388132918e-01 3.586840854852181848e-01 3.845932018130566732e-01 5.237618897359154202e-01 3.650578019110348182e-01 6.185301064415789085e-01 2.804403332336901089e-01 5.437813040217127636e-01 6.445367850174434921e-01 6.675559235968460126e-01 5.358224467752356057e-01 6.191691918576913700e-01 5.013073971815960039e-01 3.938649617876899822e-01 5.301889927099040500e-01 4.942598061890886019e-01 4.989060436802942866e-01 5.741640130954019927e-01 4.238605533333669184e-01 4.739435221674316856e-01
6.392639384716304329e-01 7.006005745340762036e-01 4.491234627555719117e-01 4.962237099270340734e-01 5.563169831215244443e-01 3.609307946771579956e-01 6.405779545180062540e-01 6.266967412565751516e-01 8.886294538952828059e-01 4.135747495120709050e-01 4.495402876850533858e-01 6.846407089526725942e-01 4.482341905074820887e-01 4.962237099270340734e-01 6.805636006498195778e-01 5.753179831813941547e-01 5.653677227346363132e-01 6.128843312418628120e-01 7.029374636491356743e-01 6.609416060871666776e-01 7.583818013229930433e-01 4.074857864021829146e-01 6.066054637973539165e-01 6.482889845840114074e-01 4.528384964475463126e-01 4.211687487660933926e-01 7.285632581323913115e-01 5.179841522800391340e-01 1.000000000000000000e+00 6.392639384716305440e-01 6.584386559151349516e-01 3.955224903640796041e-01 5.118400639911355743e-01 6.369234417300313478e-01 6.581299302282883623e-01 6.310510292826519985e-01 6.383202781508510171e-01 5.423506085297162826e-01 6.405779545180062540e-01 6.160030502639686212e-01 2.814182595885826865e-01 5.413330070629316371e-01 6.520009656830512146e-01 6.565599444214689218e-01 5.338140429911910623e-01 4.477754500334300003e-01 4.988591002228148774e-01 7.144500876361246089e-01 5.277406957511229235e-01 5.512288532141114139e-01 4.962753387399542193e-01 6.305634624525364718e-01 6.829004897648790484e-01 6.527812252080279487e-01
