1.000000000000000000e+00 8.068735090959504586e-01 2.883420426008592719e-01 2.883420426008592719e-01 5.971303345494163306e-01 5.335602539270253297e-01
8.068735090959504586e-01 1.000000000000000000e+00 2.883420426008592719e-01 2.883420426008592719e-01 5.056616711194594771e-01 5.922459247316231856e-01
2.883420426008592719e-01 2.883420426008592719e-01 1.000000000000000000e+00 3.167055885936156945e-01 4.281043464039172020e-01 3.244152375545428235e-01
2.883420426008592719e-01 2.883420426008592719e-01 3.167055885936156945e-01 1.000000000000000000e+00 3.351710131809107485e-01 3.244152375545428235e-01
5.971303345494163306e-01 5.056616711194594771e-01 4.281043464039172020e-01 3.351710131809107485e-01 1.000000000000000000e+00 5.359338243549454095e-01
5.335602539270253297e-01 5.922459247316231856e-01 3.244152375545428235e-01 3.244152375545428235e-01 5.359338243549454095e-01 1.000000000000000000e+00
