1.000000000000000000e+00 1.000000000000000000e+00 1.000000000000000000e+00 1.000000000000000000e+00 1.000000000000000000e+00 1.000000000000000000e+00 8.877455877455869837e-02 8.877455877455869837e-02 9.245532245532239735e-02 9.552059052059050370e-02
1.000000000000000000e+00 1.000000000000000000e+00 1.000000000000000000e+00 1.000000000000000000e+00 1.000000000000000000e+00 1.000000000000000000e+00 8.877455877455869837e-02 8.877455877455869837e-02 9.245532245532239735e-02 9.552059052059050370e-02
1.000000000000000000e+00 1.000000000000000000e+00 1.000000000000000000e+00 1.000000000000000000e+00 1.000000000000000000e+00 1.000000000000000000e+00 8.877455877455869837e-02 8.877455877455869837e-02 9.245532245532239735e-02 9.552059052059050370e-02
1.000000000000000000e+00 1.000000000000000000e+00 1.000000000000000000e+00 1.000000000000000000e+00 1.000000000000000000e+00 1.000000000000000000e+00 8.877455877455869837e-02 8.877455877455869837e-02 9.245532245532239735e-02 9.552059052059050370e-02
1.000000000000000000e+00 1.000000000000000000e+00 1.000000000000000000e+00 1.000000000000000000e+00 1.000000000000000000e+00 1.000000000000000000e+00 8.877455877455869837e-02 8.877455877455869837e-02 9.245532245532239735e-02 9.552059052059050370e-02
1.000000000000000000e+00 1.000000000000000000e+00 1.000000000000000000e+00 1.000000000000000000e+00 1.000000000000000000e+00 1.000000000000000000e+00 8.877455877455869837e-02 8.877455877455869837e-02 9.245532245532239735e-02 9.552059052059050370e-02
8.877455877455869837e-02 8.877455877455869837e-02 8.877455877455869837e-02 8.877455877455869837e-02 8.877455877455869837e-02 8.877455877455869837e-02 1.000000000000000000e+00 8.068735090959504586e-01 2.883420426008592163e-01 5.056616711194594771e-01
8.877455877455869837e-02 8.877455877455869837e-02 8.877455877455869837e-02 8.877455877455869837e-02 8.877455877455869837e-02 8.877455877455869837e-02 8.068735090959504586e-01 1.000000000000000000e+00 2.883420426008592163e-01 5.971303345494163306e-01
9.245532245532239735e-02 9.245532245532239735e-02 9.245532245532239735e-02 9.245532245532239735e-02 9.245532245532239735e-02 9.245532245532239735e-02 2.883420426008592163e-01 2.883420426008592163e-01 1.000000000000000000e+00 3.351710131809106930e-01
9.552059052059050370e-02 9.552059052059050370e-02 9.552059052059050370e-02 9.552059052059050370e-02 9.552059052059050370e-02 9.552059052059050370e-02 5.056616711194594771e-01 5.971303345494163306e-01 3.351710131809106930e-01 1.000000000000000000e+00
