1.000000000000000000e+00 1.000000000000000000e+00 1.000000000000000000e+00 1.000000000000000000e+00 1.000000000000000000e+00 1.000000000000000000e+00 8.877455877455876776e-02 8.877455877455878164e-02 9.245532245532245286e-02 9.552059052059051758e-02
1.000000000000000000e+00 1.000000000000000000e+00 1.000000000000000000e+00 1.000000000000000000e+00 1.000000000000000000e+00 1.000000000000000000e+00 8.877455877455876776e-02 8.877455877455878164e-02 9.245532245532245286e-02 9.552059052059051758e-02
1.000000000000000000e+00 1.000000000000000000e+00 1.000000000000000000e+00 1.000000000000000000e+00 1.000000000000000000e+00 1.000000000000000000e+00 8.877455877455876776e-02 8.877455877455878164e-02 9.245532245532245286e-02 9.552059052059051758e-02
1.000000000000000000e+00 1.000000000000000000e+00 1.000000000000000000e+00 1.000000000000000000e+00 1.000000000000000000e+00 1.000000000000000000e+00 8.877455877455876776e-02 8.877455877455878164e-02 9.245532245532245286e-02 9.552059052059051758e-02
1.000000000000000000e+00 1.000000000000000000e+00 1.000000000000000000e+00 1.000000000000000000e+00 1.000000000000000000e+00 1.000000000000000000e+00 8.877455877455876776e-02 8.877455877455878164e-02 9.245532245532245286e-02 9.552059052059051758e-02
1.000000000000000000e+00 1.000000000000000000e+00 1.000000000000000000e+00 1.000000000000000000e+00 1.000000000000000000e+00 1.000000000000000000e+00 8.877455877455876776e-02 8.877455877455878164e-02 9.245532245532245286e-02 9.552059052059051758e-02
8.877455877455876776e-02 8.877455877455876776e-02 8.877455877455876776e-02 8.877455877455876776e-02 8.877455877455876776e-02 8.877455877455876776e-02 1.000000000000000000e+00 8.068735090959504586e-01 2.883420426008592719e-01 5.971303345494163306e-01
8.877455877455878164e-02 8.877455877455878164e-02 8.877455877455878164e-02 8.877455877455878164e-02 8.877455877455878164e-02 8.877455877455878164e-02 8.068735090959504586e-01 1.000000000000000000e+00 2.883420426008592719e-01 5.056616711194594771e-01
9.245532245532245286e-02 9.245532245532245286e-02 9.245532245532245286e-02 9.245532245532245286e-02 9.245532245532245286e-02 9.245532245532245286e-02 2.883420426008592719e-01 2.883420426008592719e-01 1.000000000000000000e+00 3.351710131809107485e-01
9.552059052059051758e-02 9.552059052059051758e-02 9.552059052059051758e-02 9.552059052059051758e-02 9.552059052059051758e-02 9.552059052059051758e-02 5.971303345494163306e-01 5.056616711194594771e-01 3.351710131809107485e-01 1.000000000000000000e+00
