1.000000000000000000e+00 7.945241034170642536e-01 7.414026466720942121e-01 8.153648468367460378e-01 5.692551038471409530e-01 9.592593655209975534e-01 8.153648468367460378e-01 8.153648468367460378e-01 4.685330156630359566e-01 8.153648468367460378e-01 8.153648468367460378e-01 1.000000000000000000e+00 8.153648468367460378e-01 8.153648468367460378e-01 4.857529580623304866e-01 8.153648468367460378e-01 5.692551038471409530e-01
7.945241034170642536e-01 1.000000000000000000e+00 7.052075507416076805e-01 8.900421475582842579e-01 6.381528374735803144e-01 8.459834570255546637e-01 8.900421475582842579e-01 8.900421475582842579e-01 5.374307492894753180e-01 8.900421475582842579e-01 8.900421475582842579e-01 7.945241034170642536e-01 8.900421475582842579e-01 8.900421475582842579e-01 5.546506916887699035e-01 8.900421475582842579e-01 6.381528374735803144e-01
7.414026466720942121e-01 7.052075507416076805e-01 1.000000000000000000e+00 6.138920828757965520e-01 4.342934745407096564e-01 6.917018308425251227e-01 6.138920828757965520e-01 6.138920828757965520e-01 3.678200071145837358e-01 6.138920828757965520e-01 6.138920828757965520e-01 7.414026466720942121e-01 6.138920828757965520e-01 6.138920828757965520e-01 3.827490528274360426e-01 6.138920828757965520e-01 4.342934745407096564e-01
8.153648468367460378e-01 8.900421475582842579e-01 6.138920828757965520e-01 1.000000000000000000e+00 6.625514674948089766e-01 9.093470323264000177e-01 1.000000000000000000e+00 1.000000000000000000e+00 5.503213021132916660e-01 1.000000000000000000e+00 1.000000000000000000e+00 8.153648468367460378e-01 1.000000000000000000e+00 1.000000000000000000e+00 5.705868745146897014e-01 1.000000000000000000e+00 6.625514674948089766e-01
5.692551038471409530e-01 6.381528374735803144e-01 4.342934745407096564e-01 6.625514674948089766e-01 1.000000000000000000e+00 6.239817681456153453e-01 6.625514674948089766e-01 6.625514674948089766e-01 3.853283019044685953e-01 6.625514674948089766e-01 6.625514674948089766e-01 5.692551038471409530e-01 6.625514674948089766e-01 6.625514674948089766e-01 3.935323761021464195e-01 6.625514674948089766e-01 6.225180779671091180e-01
9.592593655209975534e-01 8.459834570255546637e-01 6.917018308425251227e-01 9.093470323264000177e-01 6.239817681456153453e-01 1.000000000000000000e+00 9.093470323264000177e-01 9.093470323264000177e-01 5.172287280420797551e-01 9.093470323264000177e-01 9.093470323264000177e-01 9.592593655209975534e-01 9.093470323264000177e-01 9.093470323264000177e-01 5.259319702133329333e-01 9.093470323264000177e-01 6.239817681456153453e-01
8.153648468367460378e-01 8.900421475582842579e-01 6.138920828757965520e-01 1.000000000000000000e+00 6.625514674948089766e-01 9.093470323264000177e-01 1.000000000000000000e+00 1.000000000000000000e+00 5.503213021132916660e-01 1.000000000000000000e+00 1.000000000000000000e+00 8.153648468367460378e-01 1.000000000000000000e+00 1.000000000000000000e+00 5.705868745146897014e-01 1.000000000000000000e+00 6.625514674948089766e-01
8.153648468367460378e-01 8.900421475582842579e-01 6.138920828757965520e-01 1.000000000000000000e+00 6.625514674948089766e-01 9.093470323264000177e-01 1.000000000000000000e+00 1.000000000000000000e+00 5.503213021132916660e-01 1.000000000000000000e+00 1.000000000000000000e+00 8.153648468367460378e-01 1.000000000000000000e+00 1.000000000000000000e+00 5.705868745146897014e-01 1.000000000000000000e+00 6.625514674948089766e-01
4.685330156630359566e-01 5.374307492894753180e-01 3.678200071145837358e-01 5.503213021132916660e-01 3.853283019044685953e-01 5.172287280420797551e-01 5.503213021132916660e-01 5.503213021132916660e-01 1.000000000000000000e+00 5.503213021132916660e-01 5.503213021132916660e-01 4.685330156630359566e-01 5.503213021132916660e-01 5.503213021132916660e-01 3.314022782045614735e-01 5.503213021132916660e-01 3.853283019044685398e-01
8.153648468367460378e-01 8.900421475582842579e-01 6.138920828757965520e-01 1.000000000000000000e+00 6.625514674948089766e-01 9.093470323264000177e-01 1.000000000000000000e+00 1.000000000000000000e+00 5.503213021132916660e-01 1.000000000000000000e+00 1.000000000000000000e+00 8.153648468367460378e-01 1.000000000000000000e+00 1.000000000000000000e+00 5.705868745146897014e-01 1.000000000000000000e+00 6.625514674948089766e-01
8.153648468367460378e-01 8.900421475582842579e-01 6.138920828757965520e-01 1.000000000000000000e+00 6.625514674948089766e-01 9.093470323264000177e-01 1.000000000000000000e+00 1.000000000000000000e+00 5.503213021132916660e-01 1.000000000000000000e+00 1.000000000000000000e+00 8.153648468367460378e-01 1.000000000000000000e+00 1.000000000000000000e+00 5.705868745146897014e-01 1.000000000000000000e+00 6.625514674948089766e-01
1.000000000000000000e+00 7.945241034170642536e-01 7.414026466720942121e-01 8.153648468367460378e-01 5.692551038471409530e-01 9.592593655209975534e-01 8.153648468367460378e-01 8.153648468367460378e-01 4.685330156630359566e-01 8.153648468367460378e-01 8.153648468367460378e-01 1.000000000000000000e+00 8.153648468367460378e-01 8.153648468367460378e-01 4.857529580623304866e-01 8.153648468367460378e-01 5.692551038471409530e-01
8.153648468367460378e-01 8.900421475582842579e-01 6.138920828757965520e-01 1.000000000000000000e+00 6.625514674948089766e-01 9.093470323264000177e-01 1.000000000000000000e+00 1.000000000000000000e+00 5.503213021132916660e-01 1.000000000000000000e+00 1.000000000000000000e+00 8.153648468367460378e-01 1.000000000000000000e+00 1.000000000000000000e+00 5.705868745146897014e-01 1.000000000000000000e+00 6.625514674948089766e-01
8.153648468367460378e-01 8.900421475582842579e-01 6.138920828757965520e-01 1.000000000000000000e+00 6.625514674948089766e-01 9.093470323264000177e-01 1.000000000000000000e+00 1.000000000000000000e+00 5.503213021132916660e-01 1.000000000000000000e+00 1.000000000000000000e+00 8.153648468367460378e-01 1.000000000000000000e+00 1.000000000000000000e+00 5.705868745146897014e-01 1.000000000000000000e+00 6.625514674948089766e-01
4.857529580623304866e-01 5.546506916887699035e-01 3.827490528274360426e-01 5.705868745146897014e-01 3.935323761021464195e-01 5.259319702133329333e-01 5.705868745146897014e-01 5.705868745146897014e-01 3.314022782045614735e-01 5.705868745146897014e-01 5.705868745146897014e-01 4.857529580623304866e-01 5.705868745146897014e-01 5.705868745146897014e-01 1.000000000000000000e+00 5.705868745146897014e-01 3.935323761021463640e-01
8.153648468367460378e-01 8.900421475582842579e-01 6.138920828757965520e-01 1.000000000000000000e+00 6.625514674948089766e-01 9.093470323264000177e-01 1.000000000000000000e+00 1.000000000000000000e+00 5.503213021132916660e-01 1.000000000000000000e+00 1.000000000000000000e+00 8.153648468367460378e-01 1.000000000000000000e+00 1.000000000000000000e+00 5.705868745146897014e-01 1.000000000000000000e+00 6.625514674948089766e-01
5.692551038471409530e-01 6.381528374735803144e-01 4.342934745407096564e-01 6.625514674948089766e-01 6.225180779671091180e-01 6.239817681456153453e-01 6.625514674948089766e-01 6.625514674948089766e-01 3.853283019044685398e-01 6.625514674948089766e-01 6.625514674948089766e-01 5.692551038471409530e-01 6.625514674948089766e-01 6.625514674948089766e-01 3.935323761021463640e-01 6.625514674948089766e-01 1.000000000000000000e+00
