1.000000000000000000e+00 2.065850204021930092e-01 4.545723073087879484e-01 2.033069864112877490e-01 3.283364796483539960e-01 2.258521269537305809e-01 4.008247526453000975e-01 2.266071532173436209e-01 7.593364968364968437e-02 2.324081949355411292e-01 2.154775123717442009e-01 2.233291192264383329e-01 4.505664853403904546e-01 2.091080281294852572e-01 1.742191563147039712e-01 5.731811154957521248e-01 2.291301609446358967e-01
2.065850204021930092e-01 1.000000000000000000e+00 5.022265071061411401e-01 7.140384235183827588e-01 2.674609533890914825e-01 4.426177140357817064e-01 2.605063306917773658e-01 2.985746992890786489e-01 8.877455877455878164e-02 3.062843482500057779e-01 2.846197265762968054e-01 7.806552980830797628e-01 6.260286364842759799e-01 4.159355831058163533e-01 2.157127621352869784e-01 2.973982432546119492e-01 4.470493290058035751e-01
4.545723073087879484e-01 5.022265071061411401e-01 1.000000000000000000e+00 4.959023464497950284e-01 3.535685863340247703e-01 5.369302753116489413e-01 3.404367359805264837e-01 3.492048227981839337e-01 9.552059052059053146e-02 3.599605984245518586e-01 5.007518676236737409e-01 3.428806621418378775e-01 7.232287493724762761e-01 5.066581220761630089e-01 2.405621259301254367e-01 7.426607620022744882e-01 5.432544359679949419e-01
2.033069864112877490e-01 7.140384235183827588e-01 4.959023464497950284e-01 1.000000000000000000e+00 4.037943191748674110e-01 4.362935533794356502e-01 2.560747157217555525e-01 2.922505386327325927e-01 8.786546786546786669e-02 4.879008554266003883e-01 2.782955659199507492e-01 5.859217640752770739e-01 4.312951024764733465e-01 5.522689488915921707e-01 2.124347281443816904e-01 2.910740825982658930e-01 5.751659884489090935e-01
3.283364796483539960e-01 2.674609533890914825e-01 3.535685863340247703e-01 4.037943191748674110e-01 1.000000000000000000e+00 3.037452789663082076e-01 2.929131617676529187e-01 3.048988599454247606e-01 8.968364968364968270e-02 6.349899968387442417e-01 2.909438872326428616e-01 3.004672449754028918e-01 3.111261210797566790e-01 5.522689488915921707e-01 2.189907961261922664e-01 3.602224390853755454e-01 5.770585341352333364e-01
2.258521269537305809e-01 4.426177140357817064e-01 5.369302753116489413e-01 4.362935533794356502e-01 3.037452789663082076e-01 1.000000000000000000e+00 5.737805001443281316e-01 4.038838664515256305e-01 9.461149961149961651e-02 4.020839397141320326e-01 3.248450646229155137e-01 3.365565014854917658e-01 4.758427020669326879e-01 4.470493290058035751e-01 2.656735306576484268e-01 3.432087850734126810e-01 7.932625818765985937e-01
4.008247526453000975e-01 2.605063306917773658e-01 3.404367359805264837e-01 2.560747157217555525e-01 2.929131617676529187e-01 5.737805001443281316e-01 1.000000000000000000e+00 2.952966652981733886e-01 8.813353313353312901e-02 3.030063142591005176e-01 3.885110933356962781e-01 3.943708181035446847e-01 3.565202782987989538e-01 4.673812667512315944e-01 3.666171077095283781e-01 3.709911403027221777e-01 4.995913564340542234e-01
2.266071532173436209e-01 2.985746992890786489e-01 3.492048227981839337e-01 2.922505386327325927e-01 3.048988599454247606e-01 4.038838664515256305e-01 2.952966652981733886e-01 1.000000000000000000e+00 9.476301476301476900e-02 4.633425662302828041e-01 4.922671684500043998e-01 3.384490471718160087e-01 3.369702669974591336e-01 3.030063142591005176e-01 3.038976093604014439e-01 3.451013307597369240e-01 3.492048227981839337e-01
7.593364968364968437e-02 8.877455877455878164e-02 9.552059052059053146e-02 8.786546786546786669e-02 8.968364968364968270e-02 9.461149961149961651e-02 8.813353313353312901e-02 9.476301476301476900e-02 1.000000000000000000e+00 9.642968142968143253e-02 9.114829614829614290e-02 9.385392385392385406e-02 9.309634809634809161e-02 8.953213453213454409e-02 7.849317349317350145e-02 9.379079254079253358e-02 9.552059052059053146e-02
2.324081949355411292e-01 3.062843482500057779e-01 3.599605984245518586e-01 4.879008554266003883e-01 6.349899968387442417e-01 4.020839397141320326e-01 3.030063142591005176e-01 4.633425662302828041e-01 9.642968142968143253e-02 1.000000000000000000e+00 3.374933859356076260e-01 3.492048227981838782e-01 3.477260426238270030e-01 6.330974511524199988e-01 2.955210024869107666e-01 3.558571063861047934e-01 6.599355762396930114e-01
2.154775123717442009e-01 2.846197265762968054e-01 5.007518676236737409e-01 2.782955659199507492e-01 2.909438872326428616e-01 3.248450646229155137e-01 3.885110933356962781e-01 4.922671684500043998e-01 9.114829614829614290e-02 3.374933859356076260e-01 1.000000000000000000e+00 4.239538262484117692e-01 4.470513289216423991e-01 4.250783021640985870e-01 3.370545879585536420e-01 4.966483755852266757e-01 3.311692252792616253e-01
2.233291192264383329e-01 7.806552980830797628e-01 3.428806621418378775e-01 5.859217640752770739e-01 3.004672449754028918e-01 3.365565014854917658e-01 3.943708181035446847e-01 3.384490471718160087e-01 9.385392385392385406e-02 3.492048227981838782e-01 4.239538262484117692e-01 1.000000000000000000e+00 5.673630476182062177e-01 4.933083714175839352e-01 3.415448859782264091e-01 3.387771701033908123e-01 3.428806621418378775e-01
4.505664853403904546e-01 6.260286364842759799e-01 7.232287493724762761e-01 4.312951024764733465e-01 3.111261210797566790e-01 4.758427020669326879e-01 3.565202782987989538e-01 3.369702669974591336e-01 9.309634809634809161e-02 3.477260426238270030e-01 4.470513289216423991e-01 5.673630476182062177e-01 1.000000000000000000e+00 4.420508781028412715e-01 2.330615092393126808e-01 6.010029500560301052e-01 4.821668627232787441e-01
2.091080281294852572e-01 4.159355831058163533e-01 5.066581220761630089e-01 5.522689488915921707e-01 5.522689488915921707e-01 4.470493290058035751e-01 4.673812667512315944e-01 3.030063142591005176e-01 8.953213453213454409e-02 6.330974511524199988e-01 4.250783021640985870e-01 4.933083714175839352e-01 4.420508781028412715e-01 1.000000000000000000e+00 4.283887399129387985e-01 3.018298582246338180e-01 7.203625841747287595e-01
1.742191563147039712e-01 2.157127621352869784e-01 2.405621259301254367e-01 2.124347281443816904e-01 2.189907961261922664e-01 2.656735306576484268e-01 3.666171077095283781e-01 3.038976093604014439e-01 7.849317349317350145e-02 2.955210024869107666e-01 3.370545879585536420e-01 3.415448859782264091e-01 2.330615092393126808e-01 4.283887399129387985e-01 1.000000000000000000e+00 2.363571957395051437e-01 2.405621259301254367e-01
5.731811154957521248e-01 2.973982432546119492e-01 7.426607620022744882e-01 2.910740825982658930e-01 3.602224390853755454e-01 3.432087850734126810e-01 3.709911403027221777e-01 3.451013307597369240e-01 9.379079254079253358e-02 3.558571063861047934e-01 4.966483755852266757e-01 3.387771701033908123e-01 6.010029500560301052e-01 3.018298582246338180e-01 2.363571957395051437e-01 1.000000000000000000e+00 3.495329457297587927e-01
2.291301609446358967e-01 4.470493290058035751e-01 5.432544359679949419e-01 5.751659884489090935e-01 5.770585341352333364e-01 7.932625818765985937e-01 4.995913564340542234e-01 3.492048227981839337e-01 9.552059052059053146e-02 6.599355762396930114e-01 3.311692252792616253e-01 3.428806621418378775e-01 4.821668627232787441e-01 7.203625841747287595e-01 2.405621259301254367e-01 3.495329457297587927e-01 1.000000000000000000e+00
